0.02638046257 -0.04760807753 
0.08305409551 -0.07827290148 
-0.09883887321 -0.08146419376 
0.06804089248 -0.05635631830 
0.08795372397 -0.01756836101 
-0.07359241694 0.02971507609 
0.08135998249 -0.05839644372 
0.09736077487 0.06217877939 
-0.06264265627 0.00247769919 
0.02382189594 -0.06259214878 
-0.07633817196 0.06130379438 
0.07969946414 0.01571779139 
-0.01620447636 -0.02098849416 
-0.00152817077 -0.03416560963 
-0.03098892048 -0.04087585956 
0.03120280430 0.06771153957 
-0.07992323488 -0.03867259994 
0.04277587309 0.03235614672 
0.03392336890 -0.04526527599 
0.06456062198 0.09153752774 
-0.00742299901 -0.06715253741 
0.02557925321 0.01836149208 
-0.06322798133 0.09277701378 
0.00122120010 0.04323836789 
0.04346462339 -0.04637597874 
0.01482940093 0.07978270203 
-0.03628280759 -0.03217503056 
-0.00416053738 0.00858790521 
-0.08894046396 -0.08655621111 
-0.02093275078 -0.02159725502 
-0.04453734308 0.03094363399 
0.06686528772 0.09718394279 
-0.03907486796 -0.06228663400 
0.03159698471 0.05051624030 
-0.04975054786 -0.06404133886 
0.09686163068 0.06573519856 
-0.04573778436 -0.09349182248 
-0.07554949820 0.02127414010 
0.04909324646 0.08970804513 
0.07626984268 -0.09123747796 
-0.00361268874 0.01163989678 
-0.01202463731 0.04369808733 
-0.03655152023 -0.04686910659 
0.08778916299 0.09127663076 
0.03320492059 -0.08006926626 
-0.06134756282 -0.01130021736 
-0.06603036076 0.09546917677 
0.02649884485 0.06716960669 
0.08313401043 0.03533118963 
-0.03743081912 -0.07589907199 
