-0.00424865494 -0.09407472610 
-0.07428816706 -0.07748525590 
0.05573581904 0.08142367750 
-0.06067750230 0.00767257903 
-0.08472631127 0.03120161965 
0.03281485289 0.09145928174 
0.03664457425 0.09596531093 
0.08362873644 -0.08546213061 
0.06437572092 -0.06052086875 
-0.03028647229 0.04756247252 
0.02323153615 -0.09555649012 
0.01718407497 -0.06051450223 
-0.04549166188 -0.07850274444 
-0.07970186323 0.04819027707 
0.00131082523 0.02470780909 
0.03599167988 -0.03522419184 
-0.06383879483 0.02111198567 
0.00955979805 0.06461169571 
-0.04241603613 -0.09342075139 
-0.04109385982 -0.09440644830 
-0.07054176927 0.07371817529 
0.09477233142 -0.05972094089 
-0.05268422142 0.05763247982 
0.06658913195 0.00602865824 
-0.02246216498 -0.08938088268 
0.08718629926 -0.08339875937 
-0.07977776229 -0.02460066602 
0.01442316175 0.08917789906 
-0.09177006036 0.02051498741 
-0.02476110682 0.06727241725 
0.09577742219 -0.01372641884 
-0.06392815709 0.08236751705 
0.00841623731 0.09554067254 
-0.04861189798 0.04337526113 
-0.02259780467 -0.04015636817 
-0.01466897782 0.07835236937 
0.05994610861 0.02378199063 
0.09423187375 -0.05709198490 
-0.03662176058 -0.09556917846 
0.01752897352 0.03723220527 
0.01654531807 0.05125377327 
0.09766343981 0.01054850500 
-0.05345859379 0.01660196483 
-0.08306872845 -0.04629641399 
-0.00963543355 0.02372894622 
0.07908339798 -0.06882011145 
0.04380039498 -0.00042455143 
0.09907972068 -0.05227478966 
0.03075129911 0.08112541586 
0.09379214793 0.05954154581 
