-0.01001647115 -0.06907301396 
0.07379925996 0.08584346622 
-0.03934101015 0.09253664315 
0.08468026668 0.08980718255 
0.07337138802 0.00071253814 
0.00726360595 0.05045625195 
-0.06445968896 -0.06670018286 
0.04196302220 -0.00891922694 
0.05191099644 0.05616337806 
0.03337974101 0.00787587743 
-0.03924065828 -0.00709764566 
-0.01872533932 -0.07069779932 
-0.01606471464 0.04134357348 
0.03552078456 0.02795842476 
0.05430484191 -0.03187348321 
-0.08756692708 -0.02994515747 
-0.07323807478 0.09813838452 
0.08222909272 0.07185104489 
0.07460279763 -0.01726123132 
0.00243485416 -0.01170722768 
-0.05157793313 -0.04018644989 
0.03668224439 -0.09035088867 
0.00860335585 0.06754923612 
-0.07440453023 -0.02826867439 
-0.03500356153 0.08893094957 
0.06196919456 0.09940294176 
-0.06615526974 0.02983302996 
0.06766533852 0.06449372321 
-0.06590580195 -0.03767285496 
0.03059853800 -0.05604820698 
0.01829130948 -0.03044270724 
0.03218980506 0.06227569655 
-0.00533056725 0.01575482823 
-0.09107858688 0.01929275878 
-0.05801327527 -0.06133895367 
0.09612501413 -0.00885176845 
0.06782873720 -0.09523069113 
0.00245409086 -0.06001426280 
-0.06270556897 -0.00835512951 
0.06283213198 -0.04899752513 
0.07136233896 -0.09053640068 
-0.06882863492 -0.08490994573 
-0.00360670290 0.08471094817 
-0.00907521788 0.09800162166 
-0.01836657524 0.07046309859 
0.08556031436 -0.08145786077 
0.07019158453 -0.08610735834 
0.08508241177 -0.08269716799 
0.03972707689 -0.00881674886 
-0.06128319353 -0.08271256089 
