0.06588577479 0.02806438319 
0.06904481351 -0.03225574270 
-0.02142749354 -0.08507725596 
-0.04360506684 -0.06589952856 
-0.01663333178 -0.06451623142 
0.04195572436 -0.09479238838 
0.07176280022 0.08973068744 
0.02910687961 0.05461642519 
-0.01111305412 0.07209630311 
-0.02957413346 0.03597785532 
-0.06316296756 0.00181290612 
-0.00740930578 -0.00623619929 
0.05311191827 -0.04709279165 
0.07494963706 -0.04775191098 
0.03772133589 0.09353963286 
0.02807958424 0.07035487890 
-0.04289526865 -0.01261612959 
0.05795633420 0.00602698838 
0.03571209311 -0.04773496091 
0.07667515427 -0.04086030647 
0.03439129516 -0.01765240356 
-0.03198881075 -0.02631319687 
-0.02406810597 -0.01049192436 
-0.00557138771 -0.03537528217 
-0.07341352105 0.01598607376 
0.02478902601 -0.03229831904 
0.08400713652 0.01281825639 
-0.07617954165 -0.03434628993 
0.01061836071 -0.08542877436 
-0.03832732141 0.08099639416 
-0.03974579275 0.00259266142 
-0.02634180337 -0.03357402235 
0.02746096253 0.01450915355 
0.09066124260 -0.03613427281 
-0.01692410558 -0.00398304826 
-0.06107412651 0.05036102980 
-0.01319960505 -0.07930969447 
0.06734690815 0.02818462998 
-0.03662176058 -0.09556917846 
-0.05357962474 -0.06553822756 
-0.03961764276 0.00872185919 
0.06800854206 0.02769564837 
-0.00999843981 -0.01867255382 
-0.03266537562 -0.08983846754 
-0.08188737929 0.04584672675 
0.05157582089 -0.06280940026 
-0.08794514835 -0.09956151992 
-0.06245930865 -0.02508462779 
-0.06788256019 0.08745988458 
-0.05816660076 0.03463774547 
