-0.06085783988 -0.02105857059 
-0.09384015203 0.05222531408 
-0.06866536289 0.06681790203 
-0.00917537045 -0.06900797039 
0.07850553840 0.05750054494 
0.09580509365 0.05289519578 
0.00244298019 -0.00157797639 
0.07967270166 0.00883434154 
0.08761014044 0.03272782266 
-0.00993405562 -0.09094610810 
0.04888419807 -0.07455442846 
-0.09576360136 0.01647273637 
-0.06205929071 -0.09065322578 
0.06226525456 -0.00705230562 
-0.08580175787 -0.06065482274 
-0.06177544221 0.04824553430 
0.07136391848 -0.04939198494 
0.06505031884 -0.08095280826 
-0.03407929838 0.08022360504 
0.04523519799 0.03059939295 
-0.07627525926 -0.08880832046 
0.07189757377 0.02114022709 
-0.01011154987 0.09215889871 
-0.02011265792 -0.09340342879 
0.01912714355 0.07909893245 
-0.05893190578 -0.02183037065 
-0.05466752127 -0.01205951814 
-0.03314390033 0.07164277136 
-0.08999389410 0.05687047169 
-0.02141262218 0.08766039461 
-0.04667026550 0.03946947306 
0.09190056473 0.06939586252 
-0.02072032541 0.07895068824 
-0.09244673699 -0.00942075625 
-0.09712376446 -0.01554318983 
0.04407538474 0.00925221108 
0.02821621299 0.08423578739 
-0.01981423236 -0.07242875546 
0.05559073761 -0.01287282165 
0.03981176019 -0.06973329186 
-0.03924978524 -0.01960638352 
0.06193817034 0.02211567201 
0.00752407731 -0.06798088551 
-0.08377473056 -0.03381535038 
0.03618429974 -0.01099202316 
-0.01903230138 -0.09891618043 
-0.01347845793 0.00241103931 
-0.03094935976 -0.04063929990 
-0.06149837375 -0.01483493485 
0.00991305616 -0.00139229628 
