-0.35054728389 0.14419689775 
0.19226738811 0.00798229687 
-0.31476816535 -0.12055011094 
0.12667557597 0.00370739121 
-0.14280551672 0.13800211251 
0.34956404567 -0.30086630583 
0.21472670138 -0.00440107193 
-0.28002688289 -0.18064323068 
-0.39015722275 0.08320944756 
0.36166206002 0.11459761113 
-0.38973692060 0.00640204130 
0.22940094769 -0.23606094718 
-0.21053689718 0.20098640025 
-0.20266744494 -0.11344902962 
0.23172807693 0.39455628395 
0.02723241597 -0.13299834728 
0.08888946474 0.39428773522 
-0.14189636707 0.28406184912 
-0.01886010356 0.38942557573 
-0.20093765855 -0.30834972858 
-0.02541148663 0.00483160373 
0.23861901462 -0.28865122795 
-0.31920406222 0.02715015225 
-0.39759659767 -0.20107191801 
-0.33145260811 0.39527374506 
0.00222605700 0.31413477659 
0.05613271892 0.27500134706 
0.06943181157 0.03047460876 
