-1.45948147774 -0.25270864367 
-1.14961349964 -1.35698139668 
0.70913982391 -0.53033649921 
0.89123803377 -0.86914974451 
0.03390475363 -1.31330132484 
-1.33933794498 -0.59658694267 
-1.07425081730 -1.35199737549 
0.61542797089 -0.77414822578 
-0.73731374741 0.49280974269 
-0.66651648283 0.03352630138 
-0.28915584087 -1.41463816166 
0.57198107243 -0.05357548594 
-1.08415412903 -0.59675061703 
-0.00950144418 -1.98623490334 
-1.18073606491 -0.49917703867 
0.89993727207 -0.02482786216 
-0.47541314363 0.74892991781 
-0.83627420664 -1.00558090210 
0.80194568634 -0.83120793104 
-1.33219456673 0.06337311119 
-0.23322379589 -1.65727365017 
-1.14605569839 -0.36341679096 
-1.18372988701 0.59462982416 
0.06834142655 -1.19022881985 
-0.79951041937 0.45394149423 
-1.10377764702 0.45211866498 
0.72376698256 -1.37832713127 
0.34319511056 -1.32902622223 
