0.06146047264 0.05533439294 
-0.02286816016 -0.02387465164 
0.04893421754 -0.05687974393 
-0.07604579628 -0.03733889386 
0.00060490315 -0.03884533420 
-0.05173291638 -0.05879066139 
-0.05608443916 -0.06762186438 
-0.03534487262 0.09877739102 
-0.02827558480 -0.07197641581 
0.09435302019 0.02136345766 
0.04389847070 -0.03614795208 
-0.02232858352 -0.09839657694 
-0.07073511183 0.07061259449 
-0.03645521775 -0.06662560254 
-0.06474337727 0.00264218706 
0.07429613918 -0.08111137897 
0.04852169380 0.07465439290 
-0.09540437162 0.08878476173 
0.01590080373 0.05746905878 
0.07333289087 0.02622834779 
0.01545294467 0.06254096329 
-0.07734007388 -0.01778011583 
-0.00462681800 -0.08930769563 
0.02620749734 0.06744541228 
-0.05595113337 0.03980598599 
0.07997579128 -0.04304884747 
0.06577804685 0.01677063107 
0.07289929688 0.04811101034 
-0.05471597612 0.09420861304 
-0.07786746323 0.03515854478 
-0.02624225244 0.04274640977 
-0.02084197104 0.02881779894 
-0.06847026944 -0.04089129344 
-0.09498672932 -0.06694458425 
-0.01690436900 -0.05550147220 
-0.00158380100 -0.04932577536 
-0.07884441316 0.04170672223 
0.00003502060 -0.06392870098 
0.06169419363 -0.08169153333 
0.07394095510 -0.02833894454 
0.05171015859 0.09719946235 
0.03462760150 -0.09089667350 
0.04203017801 0.07523818314 
0.03907883167 0.03556234762 
0.07346463203 -0.01138958242 
-0.06753612310 -0.06306171417 
0.00436967704 -0.08614671975 
-0.03250770643 0.00943737477 
-0.03829828650 -0.07599570602 
0.07199904323 0.06174795330 
