-0.08221770078 -0.03006770276 
-0.01110089011 -0.04652467370 
-0.03443059698 -0.09009484947 
-0.08232951909 -0.02470241301 
0.05325711519 0.05973127857 
0.09544131905 -0.03985752910 
0.07671009004 -0.00629534805 
0.09964571148 -0.08894354850 
0.08129304647 -0.00481654191 
0.05285165831 0.09536536783 
-0.01683722995 0.01766145974 
-0.03988395259 -0.02617980540 
-0.00583764911 -0.02630716749 
-0.03073769994 0.02373801731 
0.06132344157 0.06928700954 
0.07429613918 -0.08111137897 
-0.00593101000 0.00877539720 
-0.01261141989 0.05836379528 
0.00927500706 -0.05123628676 
0.08123598993 0.06878361106 
0.01545294467 0.06254096329 
-0.04327486455 -0.06067761779 
0.00240317173 0.09644471109 
-0.05234336853 0.02925854176 
0.01208436769 -0.06766722351 
-0.09671349078 -0.05486985669 
-0.02116565593 -0.06856480986 
-0.08957818896 0.08408884704 
-0.09115286916 -0.01407344919 
-0.05870958045 0.01540702488 
-0.08581511676 0.05898063630 
0.07338174433 0.08717904985 
-0.06847026944 -0.04089129344 
-0.04429069534 0.02841643058 
-0.01690436900 -0.05550147220 
-0.00230306806 -0.00844284985 
0.08515220881 0.00225270493 
0.01991494745 0.07115188241 
0.05725330859 0.05766262114 
0.02358922735 0.04664287716 
0.08092957735 0.08142153919 
0.01620891318 -0.07910107076 
0.07487909496 0.09227519482 
0.00629158085 0.08034256846 
0.01954717934 0.05679753795 
0.04010790586 0.00904890522 
0.08762984723 -0.07448490709 
-0.03250770643 0.00943737477 
-0.06171074137 -0.06141251326 
0.06855021417 0.00211902009 
