-0.02565846220 0.03173343465 
0.02098929323 0.00855902769 
0.03322278336 -0.03424831852 
0.07287970185 -0.05647264794 
0.00891142525 0.08671732992 
-0.03589823097 0.05115097761 
0.08025047928 -0.06364525855 
-0.09692673385 -0.07325103134 
-0.06587087363 0.02895598300 
0.06582504511 0.02799470350 
-0.06656746566 0.08874538541 
-0.02652856149 0.01464217249 
0.08371531218 0.02566316538 
0.02057536133 -0.07795699686 
-0.04665870219 0.00507151196 
-0.04043482244 0.05298087373 
-0.04148405790 -0.04798837006 
-0.06799063832 0.02735972404 
0.07237499952 -0.08256492019 
-0.07304523140 0.00755520724 
-0.04895431548 -0.03419637680 
-0.09988361597 -0.08657948673 
0.03260170668 0.03465814888 
0.04843049496 0.09750310332 
0.01165502239 0.04261010885 
0.00265971874 -0.08436574042 
-0.08907498419 0.08275404572 
0.04381692037 -0.09883862734 
-0.06596322358 -0.07046082616 
-0.07376051694 -0.09480775893 
-0.00038236124 0.03469782695 
-0.06416646391 0.00792178977 
0.03358758613 -0.03357788920 
-0.04650096968 0.04678863660 
0.06718121469 0.06536570936 
-0.06080698967 0.09410219640 
0.00705508702 -0.09645289183 
-0.06592330337 0.08784045279 
-0.08563317358 0.02798231877 
-0.07633206248 -0.07940365374 
0.02583646215 -0.04092747346 
-0.02409563214 -0.04161990434 
0.03266587108 0.04000623897 
0.03173657134 0.07761289179 
-0.01487891935 -0.05015564710 
-0.04545970634 0.08892937005 
-0.03991818056 -0.07638816535 
-0.04573654383 -0.06360249221 
-0.03245292231 -0.03398403153 
-0.04573605582 -0.03870533034 
