0.01840502582 -0.06545355171 
0.05141332746 0.04817963019 
0.08317803591 0.01616510563 
-0.07060717046 0.02426584251 
0.04976174608 0.05834285915 
-0.00638344605 0.05658458918 
0.03048866987 -0.07797019184 
0.09381379932 -0.05346485600 
0.01633162610 0.02241732925 
-0.03146445006 -0.07465665787 
-0.08250572532 0.06014841050 
0.09398270398 0.08281795681 
-0.09098872542 0.01015352178 
-0.01997620799 0.04441688210 
-0.00390580622 0.00183337438 
-0.03472764790 0.05822477490 
-0.04658778757 -0.02183106542 
0.07534912229 0.07847318053 
-0.04523539916 -0.09067866951 
0.00576547580 0.06321355700 
0.06837952882 -0.06069216132 
0.07678873092 -0.05548316613 
0.01259193476 -0.09423005581 
0.00209702039 -0.01708061062 
-0.00650754105 0.03713157773 
-0.01621662080 -0.05865341797 
-0.08468878269 0.05158429593 
-0.09779481590 -0.06969106197 
0.02902310528 -0.07297442853 
-0.04941786826 0.00992097147 
-0.00533288997 0.01035836339 
0.07338174433 0.08717904985 
-0.00341273262 -0.01977611333 
-0.04429069534 0.02841643058 
0.04538440332 0.01770492271 
-0.00158380100 -0.04932577536 
0.05492726341 0.04178491607 
0.02009035461 0.09910158813 
-0.06785693020 -0.02836817130 
-0.01323999558 0.09602468461 
-0.05220061913 0.03902068734 
0.03233250976 0.00893546641 
0.03966380656 0.02008564025 
0.03907883167 0.03556234762 
0.04340478405 0.05836332217 
0.00697572017 -0.02902398445 
0.00436967704 -0.08614671975 
-0.02342914976 -0.05706514418 
0.05132131279 0.03526713699 
0.05330559984 -0.01816058904 
