0.05488049611 -0.01898771711 
-0.04423318803 -0.03387425840 
-0.02373493090 -0.06248931214 
0.06761869788 -0.01593574695 
-0.09698846191 -0.02980048582 
-0.09144075215 -0.05746378750 
-0.09950100631 0.09827836603 
0.09511910379 -0.08658959717 
-0.04382327944 -0.01950127445 
0.03472821787 -0.07167118788 
-0.01165948343 -0.03380966187 
0.08058497310 -0.04466127977 
0.08031257242 -0.00540743582 
-0.06327377260 -0.01276266947 
-0.09771967679 -0.01678509824 
-0.00871997513 0.01652514562 
0.04196033999 -0.03037353605 
-0.05592617393 -0.01365907956 
0.04888986424 0.03234935924 
-0.04861654341 -0.04785496369 
0.07122499496 0.01833827049 
-0.09653143585 0.04541731998 
0.04902977124 0.05834759399 
0.00660161255 0.02480576746 
-0.08801622689 0.07156011462 
0.09383872151 0.00255810819 
0.05534076691 -0.08462347835 
0.02914489619 0.09377821535 
0.06778032333 0.06864889711 
0.02735236473 0.02453915589 
-0.08017697930 -0.08413677663 
-0.05674870685 0.07035161555 
-0.02210734598 -0.00922479946 
-0.08045729995 -0.09408203512 
-0.00728648761 -0.06776081026 
0.06920253485 0.00003333431 
0.07232192904 0.08310726285 
0.05393355712 0.00255021849 
0.09285391122 -0.05035473034 
0.09613804519 -0.02747690491 
-0.08555860817 -0.02613333985 
-0.04956246912 0.00578624941 
0.09884567559 0.06121291965 
-0.01351068169 -0.02735105902 
-0.03431111574 0.08775866032 
0.00588282291 0.09669463336 
-0.06937567890 -0.04065471143 
-0.04573654383 -0.06360249221 
0.05733504146 -0.07262337208 
0.05881540850 0.09294427186 
