-0.05805259198 0.00955405366 
-0.02792408504 -0.09051851928 
-0.09739100933 0.09936109930 
0.09876427799 -0.00716279401 
0.00358805200 -0.06707927585 
-0.09221601486 0.05139404535 
0.03048866987 -0.07797019184 
0.08375138789 0.03185624629 
0.08129304647 -0.00481654191 
0.09491280466 -0.03149863333 
0.02762846835 0.08324182779 
0.08248769492 -0.04792897403 
0.06874603778 0.04574821889 
-0.08303953707 -0.06791167706 
-0.04961327836 0.00652265223 
0.01401572116 0.01229354832 
-0.07130400091 0.02362933382 
-0.01261141989 0.05836379528 
-0.05421765894 0.07602614164 
-0.00427803444 -0.05087234452 
0.02743409947 -0.04148482159 
-0.03646404669 0.02181785367 
-0.00480431132 0.09970675409 
-0.01570019871 0.04207394272 
0.09811932594 0.02693871967 
0.03628771007 0.04030141234 
-0.09898284078 0.00960172154 
-0.07784891129 0.05668751523 
-0.04274745286 -0.04309043288 
-0.05360048637 0.01844033413 
0.05901219323 0.09629350156 
-0.02068683319 -0.00023934877 
-0.04369707406 -0.05745090917 
-0.04429069534 0.02841643058 
-0.09166619182 0.05925321952 
0.09474027902 0.07702258974 
0.02128058299 -0.06208493561 
-0.07812999189 0.00195243047 
0.05725330859 0.05766262114 
0.02358922735 0.04664287716 
0.02131465264 -0.02482299134 
0.03233250976 0.00893546641 
0.01576436311 0.02631897107 
-0.07048312575 0.04847770184 
-0.05332299322 0.07718057185 
0.00697572017 -0.02902398445 
0.04814396426 0.02538225986 
-0.03250770643 0.00943737477 
0.02565315552 0.00451977039 
0.05330559984 -0.01816058904 
