-0.08856329322 0.02698223665 
0.07142947614 -0.03300156817 
-0.03443059698 -0.09009484947 
-0.06515093893 -0.03699227422 
-0.02703112550 -0.01153809391 
0.03444727883 0.06886721402 
-0.08833677322 -0.05556065589 
-0.01366682723 0.07223424315 
0.04842208326 -0.06210555136 
0.08149814606 -0.04266347736 
0.02731242403 0.06828564405 
-0.03988395259 -0.02617980540 
-0.08275931329 0.02110516094 
0.07567127049 -0.06496141851 
-0.06474337727 0.00264218706 
0.07770066708 0.03311903030 
0.01771489158 -0.01416588668 
-0.06235815585 -0.06278970093 
0.03835108504 0.00621610601 
0.08123598993 0.06878361106 
0.07297356427 -0.09677094966 
-0.03646404669 0.02181785367 
-0.00480431132 0.09970675409 
0.01303399354 0.08791828901 
-0.08158185333 0.02619249560 
0.03300114349 0.09273003787 
-0.06488540769 0.05851299316 
-0.08957818896 0.08408884704 
-0.04274745286 -0.04309043288 
-0.04941786826 0.00992097147 
0.06793656945 0.08064350486 
-0.07389540225 0.09738070518 
0.07245782763 0.08834923059 
0.02110695466 -0.02578025311 
0.08758236468 -0.03849391267 
0.01771063916 0.00211090362 
0.02128058299 -0.06208493561 
0.01991494745 0.07115188241 
0.02905286103 0.08053713292 
0.06697237492 -0.07379040867 
0.00017916555 0.02697832510 
-0.01223919168 -0.06100194156 
0.01576436311 0.02631897107 
0.00629158085 0.08034256846 
0.08259487152 0.04630286992 
0.08639530092 0.00716806110 
0.08762984723 -0.07448490709 
-0.02342914976 -0.05706514418 
-0.01945216395 -0.08382044733 
0.08210559189 0.08177728951 
