0.33607581258 0.37035945058 
0.06378272921 0.32120931149 
-0.09927523881 0.15917849541 
0.00244059204 0.22173641622 
-0.07078580558 -0.02912518755 
0.10509748757 -0.10542500019 
0.09896366298 0.30470138788 
0.03938977793 -0.13418045640 
-0.06278831512 -0.12319222838 
-0.02562056482 -0.01313621737 
-0.39162909985 -0.05539575592 
-0.03742261976 -0.36504971981 
0.19974748790 0.18716013432 
-0.26266083121 -0.39818683267 
-0.35031500459 0.02153427526 
-0.18576036394 0.32526570559 
-0.10826935619 -0.02926987968 
0.10479965061 -0.17034843564 
-0.23971706629 -0.05800931156 
0.07512837648 0.18137833476 
0.20628628135 0.27928298712 
0.11820749193 -0.10489680618 
-0.05628392100 0.07267320156 
0.08749299496 -0.08779811114 
-0.19984675944 0.17663724720 
-0.00371380150 -0.36416411400 
-0.26484274864 -0.07100405544 
0.24015709758 -0.10942681879 
