-1.45948147774 -0.25270864367 
-1.82880651951 -1.46682906151 
-1.64948832989 -1.25777387619 
0.59041029215 -1.39436388016 
-1.23491585255 0.24864190817 
-0.06195434555 0.38276845217 
-1.71255838871 -1.98758792877 
0.61542797089 -0.77414822578 
0.53725367785 -0.01409349963 
-0.65589928627 -0.18753753603 
-1.11240112782 -1.06414937973 
-1.50344097614 -1.20791935921 
-1.29201412201 -0.93032330275 
-1.71189069748 -0.59639590979 
-0.03741919994 -0.25488507748 
-1.78448820114 -1.15669012070 
-0.47541314363 0.74892991781 
-1.71778464317 -0.37032845616 
-1.95047807693 -0.05247214809 
0.12052712590 -1.68522119522 
0.96562176943 -1.10684990883 
-1.31996858120 -1.20747005939 
-0.27463999391 0.77901160717 
0.25975108147 -1.41164457798 
-0.66694939137 -1.57783329487 
-1.42707204819 -0.02227742970 
-0.49889537692 -0.51314109564 
0.34319511056 -1.32902622223 
