0.06146047264 0.05533439294 
0.07939782739 -0.01270040870 
-0.03443059698 -0.09009484947 
-0.06515093893 -0.03699227422 
0.04976174608 0.05834285915 
-0.03957662731 0.01255708933 
-0.05118257925 0.00394333899 
0.09381379932 -0.05346485600 
0.01633162610 0.02241732925 
-0.03845743090 0.06976666301 
-0.08250572532 0.06014841050 
-0.02232858352 -0.09839657694 
0.06874603778 0.04574821889 
0.00615373114 0.09488773346 
-0.06474337727 0.00264218706 
0.01401572116 0.01229354832 
-0.04658778757 -0.02183106542 
-0.09540437162 0.08878476173 
0.01590080373 0.05746905878 
0.08123598993 0.06878361106 
0.02743409947 -0.04148482159 
0.00563401775 0.00682354858 
0.02256950550 0.04218455777 
0.00209702039 -0.01708061062 
-0.00650754105 0.03713157773 
-0.06368007511 -0.06527851522 
0.06577804685 0.01677063107 
-0.08957818896 0.08408884704 
-0.08065120131 -0.04221238941 
-0.04941786826 0.00992097147 
0.06793656945 0.08064350486 
-0.02068683319 -0.00023934877 
-0.05282266065 0.07998286188 
-0.04429069534 0.02841643058 
0.08758236468 -0.03849391267 
-0.00158380100 -0.04932577536 
-0.06686478853 0.00104421179 
0.00970423780 -0.04763028398 
0.05909926444 -0.09697928280 
0.07050716132 0.05497063696 
0.00017916555 0.02697832510 
0.03233250976 0.00893546641 
0.00183860352 0.07841904461 
0.03907883167 0.03556234762 
0.07439024001 -0.01334261894 
0.04010790586 0.00904890522 
0.06453074515 0.05231033266 
-0.02342914976 -0.05706514418 
0.05132131279 0.03526713699 
-0.04139794409 0.01465879474 
