0.06146047264 0.05533439294 
-0.02792408504 -0.09051851928 
0.09178388119 -0.04265265912 
-0.06515093893 -0.03699227422 
0.05325711519 0.05973127857 
-0.05119725317 0.02659176476 
0.03264668211 0.06489145011 
0.08608680218 -0.00486368593 
-0.04673191532 0.08224537224 
0.01726583391 0.00674573984 
-0.08250572532 0.06014841050 
-0.02232858352 -0.09839657694 
-0.01737119257 0.06281784922 
0.00615373114 0.09488773346 
-0.06557900459 -0.02374347299 
0.06674698740 0.07265330106 
0.01526983920 0.04631496221 
-0.01261141989 0.05836379528 
0.01590080373 0.05746905878 
0.08123598993 0.06878361106 
0.02743409947 -0.04148482159 
0.07678873092 -0.05548316613 
-0.05884455144 0.04675999656 
0.08837035298 0.08692537248 
0.06058874726 0.08679202199 
0.08216143399 0.05384057760 
0.06577804685 0.01677063107 
0.02275587432 0.00477629714 
0.01202374138 0.01868337579 
-0.02656861395 0.01913172379 
0.01567538641 -0.09504692256 
0.07338174433 0.08717904985 
-0.04369707406 -0.05745090917 
-0.04429069534 0.02841643058 
0.04540831596 -0.08278565854 
-0.01818527095 -0.04961371794 
0.05253098160 0.03643516079 
0.01991494745 0.07115188241 
0.09701737016 0.05811793730 
0.01918935776 0.07560764998 
0.05171015859 0.09719946235 
0.01620891318 -0.07910107076 
0.05908073485 0.04840908200 
0.03907883167 0.03556234762 
0.07439024001 -0.01334261894 
0.03308401629 0.06180171669 
0.06453074515 0.05231033266 
-0.03250770643 0.00943737477 
0.04348471388 -0.07611370832 
0.00742108421 0.00579598360 
