0.02815020829 0.21984229982 
-0.99376356602 -1.83188378811 
0.70913982391 -0.53033649921 
0.17919136584 0.33711785078 
-1.17150485516 -0.99799162149 
-0.63387864828 -0.78922784328 
-1.25214791298 -0.30618846416 
0.61542797089 -0.77414822578 
-0.16087877750 0.81631582975 
-0.66651648283 0.03352630138 
-0.21671263874 -0.37834301591 
-0.72722882032 -0.20064315200 
0.22858063877 -0.05834876746 
-0.07993382215 0.42322015762 
-0.37893840671 -0.70886009932 
0.68419533968 -1.65575301647 
-0.45814892650 -0.09589818120 
-1.01155447960 -1.61847496033 
-0.61156821251 -1.11634278297 
-1.33219456673 0.06337311119 
-1.05470776558 -1.48522710800 
-1.31996858120 -1.20747005939 
-0.27463999391 0.77901160717 
0.25975108147 -1.41164457798 
-0.66694939137 -1.57783329487 
-1.82999432087 -1.89317655563 
-1.14325833321 0.89132863283 
0.34319511056 -1.32902622223 
