0.05488049611 -0.01898771711 
-0.09384015203 0.05222531408 
-0.02094187401 0.09516194463 
0.06330090761 0.01541282516 
0.02152958699 0.08634275943 
0.03508935869 -0.08288003504 
-0.09718576074 0.07919888943 
-0.04121422768 -0.02042500302 
-0.02474833094 0.00021366736 
0.06582504511 0.02799470350 
-0.01468031481 0.04672229290 
-0.01349893026 0.07522165030 
0.09769707173 -0.05175474659 
0.05805340409 -0.04492885247 
-0.07941804081 0.01296660863 
-0.00322702341 0.06158297881 
0.01760604978 -0.07717687637 
0.03907236084 0.04413202032 
-0.00635881862 0.06366787106 
-0.04861654341 -0.04785496369 
0.09368032962 -0.08021805435 
0.00635720417 -0.05575307831 
0.04261603206 0.07217887789 
-0.02718135901 -0.05443078279 
-0.00134989060 -0.05383490399 
-0.08354590833 0.04955248162 
0.07429192960 0.07893443853 
0.07493462414 -0.05411824957 
0.06778032333 0.06864889711 
-0.02838297933 0.04953558743 
0.08143929392 -0.01837148890 
0.08982685208 -0.01299757604 
0.04750797525 0.04035729915 
-0.00177996897 0.02491633222 
0.00960854534 -0.01215302851 
0.08422929049 0.03767392784 
0.00705508702 -0.09645289183 
-0.01664360240 -0.02776614390 
-0.04020833224 0.04303364456 
0.08927421272 -0.01290403213 
-0.08212534338 -0.03951399773 
-0.08076203614 -0.09189748019 
-0.06322291493 0.03696063906 
-0.06463082880 -0.06205711886 
0.04598569497 0.09199597687 
-0.00623667566 0.03474053741 
-0.06169002131 -0.05625813082 
-0.04573654383 -0.06360249221 
0.08692360669 0.00248697610 
0.04369679838 -0.03354535997 
