-0.02844396234 0.02520196140 
0.03593095392 -0.00406139344 
-0.09883887321 -0.08146419376 
0.08494950086 0.03882236034 
-0.04672777653 -0.06649540365 
-0.07359241694 0.02971507609 
-0.04850378260 -0.08347700536 
0.06292365491 0.03296959773 
0.06690354645 -0.01910871267 
0.06460030377 -0.05073617399 
-0.06315171719 -0.01987750456 
0.09118252993 0.00773751643 
-0.08833901584 0.01275618561 
0.02606603131 -0.08765416592 
-0.00184577645 -0.03932883963 
-0.03076256998 0.09616182745 
-0.03448288143 -0.05744194239 
0.01034077071 0.00596855534 
-0.08010564744 0.07125743479 
0.04075482860 -0.03581572697 
-0.00742299901 -0.06715253741 
-0.04863151535 0.08322682977 
-0.04438145459 0.09554946423 
-0.09112390131 0.02096196264 
-0.00140618952 0.00448229024 
0.01482940093 0.07978270203 
-0.08100421727 -0.05869706720 
0.07652746141 -0.06624165922 
-0.03142466769 0.00462991931 
0.00571623072 0.03389279917 
-0.04453734308 0.03094363399 
0.02834859304 -0.03293198720 
0.00392000796 -0.00833994802 
-0.08517404646 -0.09683465213 
-0.09699480981 -0.02274073474 
-0.05427784473 0.02696117945 
0.04584802687 0.04105165973 
-0.09807303548 0.05594566464 
-0.01604632847 -0.04432888702 
-0.09586120397 0.06102410704 
-0.08210168779 0.02290797420 
-0.02394992672 0.00435621897 
-0.03655152023 -0.04686910659 
-0.05747675151 -0.05870530754 
0.03320492059 -0.08006926626 
-0.06906138361 0.08306460083 
-0.04224000871 -0.09840013832 
-0.04904395714 -0.09949981421 
0.05108476803 -0.07209980488 
-0.06472415477 -0.06646084785 
