-0.97674989700 -0.88946485519 
0.18058656156 -0.51994121075 
-1.94595730305 -1.42818534374 
1.79335391521 0.23559127748 
0.75607323647 1.26646339893 
0.40878939629 0.00547946244 
1.97523212433 -1.57920730114 
-0.09441754967 0.23074230552 
-0.72508996725 0.54402178526 
0.94438797235 -0.86815440655 
-1.95142519474 1.75182175636 
-0.31979700923 1.28653526306 
0.11488389224 0.46576741338 
-0.83852726221 -0.70549345016 
0.46193569899 1.35377192497 
-1.04658877850 -0.38620170951 
-0.89618134499 0.82872134447 
-0.95389860868 1.76844668388 
-1.26020157337 -1.77336513996 
-0.97711068392 1.31691312790 
-0.11583130807 0.68710601330 
-1.95681595802 -1.64765858650 
-0.04199565202 -1.44511103630 
1.63002359867 -1.11337196827 
-0.29114603996 -0.19046200812 
1.25846135616 -1.34506821632 
0.30341774225 1.48874974251 
-1.94350790977 0.47392266989 
