0.03409300745 -0.04089230299 
-0.06402943283 -0.04468009248 
0.04382962734 -0.09622422606 
-0.04746201262 0.00820647553 
0.01551914401 -0.01091020741 
-0.01417433657 0.09078714252 
-0.09950100631 0.09827836603 
0.09511910379 -0.08658959717 
-0.05852913484 -0.08631669730 
0.08532675356 0.09909269214 
-0.01763811707 0.05523213372 
-0.09576360136 0.01647273637 
-0.02058301680 0.06623154134 
-0.05792036280 0.09336114675 
-0.04665870219 0.00507151196 
-0.03507568315 -0.08825616539 
-0.09327714145 0.05311791971 
0.09917195141 0.01794903539 
0.04888986424 0.03234935924 
0.08986079693 -0.07041215152 
-0.01125338767 0.01062894147 
-0.09988361597 -0.08657948673 
-0.08252712339 -0.09229920059 
0.05903669074 0.08640839905 
-0.08801622689 0.07156011462 
-0.09018076211 -0.03362179175 
-0.03207324073 0.05230147392 
-0.00178306049 -0.00633946946 
0.09954933822 -0.06488213688 
-0.02866854705 -0.03184124827 
-0.00038236124 0.03469782695 
0.00312262471 -0.09053955972 
0.03623409197 -0.07784579694 
0.01048798114 -0.03227242082 
0.00969204586 0.03928697482 
-0.08192203939 -0.09697273374 
-0.08814100176 -0.04838905856 
-0.01812300086 0.08121119440 
-0.05834631622 -0.08188336343 
0.08893027157 -0.06416536123 
-0.00291157118 -0.03218113258 
0.07174605876 -0.03090904467 
-0.03468341753 -0.05330402404 
-0.03658836707 -0.04778233916 
0.03618429974 -0.01099202316 
-0.04545970634 0.08892937005 
-0.02519312128 -0.03687801585 
0.00704349624 0.08495369554 
-0.04529838264 -0.02677545510 
0.05881540850 0.09294427186 
