0.07018012553 0.02452257089 
-0.05262175575 0.01484697592 
-0.05370639637 0.05145518854 
-0.01928749867 -0.08596081287 
0.08614225686 0.01568782702 
0.08520399779 -0.03152888268 
-0.02611481026 0.03703517839 
-0.02640960179 -0.02001421340 
0.07744589448 -0.06445322186 
0.06182071194 -0.03758680448 
-0.02927657962 -0.00325023127 
0.00721638696 0.02148390561 
0.08949079365 -0.07875943184 
-0.06577125937 -0.00437959377 
-0.03346481547 -0.01087553427 
-0.06909139454 0.06443823874 
-0.08528114855 0.03245130554 
0.01778629050 0.07799104601 
-0.02370884269 -0.09161704779 
-0.00028696645 0.00518218614 
0.09803749621 -0.08230190724 
0.09759545326 0.03983339667 
-0.03538477048 0.05668087676 
0.00692622270 -0.03630385920 
0.07865207642 -0.09323340654 
-0.05204063281 -0.06094934791 
0.09569046646 0.09716953337 
-0.04180593044 -0.08904056996 
-0.05674703047 0.00986039732 
-0.03178211674 0.04629956186 
0.04308586568 -0.01077465992 
0.01882410422 0.01075424813 
-0.04070414603 0.02955329046 
-0.07108985633 0.01988691278 
0.07462906837 -0.04368082806 
0.07517816871 0.03806887195 
0.04238257557 -0.04491198435 
0.01528020762 -0.01489490643 
0.08105002344 -0.02908704616 
0.09232449532 -0.05532608181 
-0.08983472735 -0.03152007237 
0.08975541592 -0.09474154562 
-0.09123770148 0.02000951953 
0.07528115809 0.08172965795 
0.08775772154 0.05418869853 
0.08740001172 0.03276114538 
-0.09836988896 -0.08496181667 
-0.09144009650 0.01015894953 
-0.05525325611 0.08808294684 
0.03082633764 -0.01626724750 
