-1.45948147774 -0.25270864367 
0.42076632380 -1.94174396992 
0.90813356638 -0.84516835213 
0.89123803377 -0.86914974451 
0.89969122410 -1.43340504169 
0.87124973536 -0.51203179359 
-1.31888186932 -1.07228028774 
-1.90871536732 -0.93594920635 
-0.73731374741 0.49280974269 
-0.79272127151 -1.13290405273 
-0.28915584087 -1.41463816166 
-0.19354461133 -1.10440945625 
-1.08415412903 -0.59675061703 
-0.34482839704 -1.70947825909 
-1.26591646671 -0.07756118476 
0.48310142756 -0.98256152868 
-0.47541314363 0.74892991781 
-1.31762993336 -0.37013733387 
-0.97596055269 0.39272570610 
-1.33219456673 0.06337311119 
0.25590780377 -0.35144498944 
-0.29285848141 -1.21466910839 
-0.27463999391 0.77901160717 
0.02142283320 -1.65842747688 
-0.66694939137 -1.57783329487 
-1.49511480331 0.60034775734 
-1.74657523632 -0.57594752312 
-1.68622136116 -0.78862136602 
