1.11764609814 0.04396782815 
1.26040816307 -0.46228489280 
-0.08982558548 -0.07133957744 
1.70534896851 1.71497857571 
0.44697204232 1.02676534653 
-1.63439583778 0.41196137667 
0.97461628914 0.43109321594 
-1.94999396801 0.78437441587 
-1.30041468143 1.57318460941 
-0.02244127169 1.53052532673 
-1.74741089344 -1.05940246582 
-1.61423993111 1.18722629547 
0.98209208250 0.91221982241 
-0.17995317280 0.72844475508 
0.29953789711 -0.82106417418 
1.65885579586 -1.63610601425 
1.75003933907 1.02701294422 
-0.51697683334 1.07404017448 
0.36969637871 1.80510854721 
-1.98539376259 -1.53176140785 
1.49521684647 1.84153032303 
-0.68927651644 -0.30191630125 
0.29247650504 0.80526643991 
-1.59658265114 0.62320131063 
-1.90539133549 1.28536427021 
1.79308736324 1.79967129230 
0.84255790710 -0.92119932175 
-1.72103154659 -1.86952066422 
