-0.71276676655 0.62614899874 
-0.70914012194 0.55126810074 
0.90813356638 -0.84516835213 
-0.30774080753 0.85530728102 
0.23057951033 -1.74044871330 
0.01659405418 0.46797043085 
-1.46854746342 -0.77795845270 
-1.67475700378 -0.41553246975 
-1.93291461468 -0.16062177718 
0.51708805561 -0.22164408863 
0.35179850459 -0.58729666471 
-0.24634379148 -0.74301183224 
-1.08415412903 -0.59675061703 
0.95841610432 -0.17514650524 
-0.72882598639 0.79796290398 
-1.76228690147 0.41210478544 
-0.47541314363 0.74892991781 
0.60549575090 0.54962009192 
0.95122778416 -1.60104155540 
-0.27028355002 -0.70078927279 
0.25590780377 -0.35144498944 
-0.68457227945 -1.65158593655 
0.70872151852 -0.19515594840 
0.25975108147 -1.41164457798 
-0.66694939137 -1.57783329487 
-1.46651124954 -0.63880294561 
-0.47546735406 -1.69378614426 
0.34319511056 -1.32902622223 
