0.46421423554 -1.95153927803 
-1.33806550503 0.82382029295 
-0.93287909031 -0.79204231501 
0.42154788971 -0.92872446775 
-0.12330394983 -1.77908039093 
0.45447856188 -1.57397055626 
-0.55188614130 -1.69972980022 
0.45790418983 -0.85875916481 
-1.43282771111 -1.37845826149 
-1.00911426544 -0.57517397404 
-1.31637191772 -1.87753391266 
0.22551876307 0.56240743399 
-1.46612870693 -0.81314557791 
-0.59776377678 0.65644627810 
-1.57373428345 -1.69930315018 
-0.79664289951 0.68726837635 
-1.42280101776 -0.23804557323 
-0.18429085612 -1.32543611526 
0.14721588790 -1.70641863346 
0.26874101162 -1.60347783566 
0.90732210875 0.83232426643 
-0.37773668766 0.18230673671 
-1.90675556660 -0.53596884012 
-0.45646676421 0.51447242498 
0.68459486961 0.06300663948 
0.15997773409 0.99729508162 
0.62445342541 -0.81522792578 
-0.13439214230 -1.93271124363 
