0.05488049611 -0.01898771711 
0.01206169277 -0.02905450203 
0.08906165510 0.02772331424 
0.06761869788 -0.01593574695 
-0.09750490636 0.06681584567 
0.03135938942 -0.08619688451 
-0.09950100631 0.09827836603 
0.09511910379 -0.08658959717 
0.08628614247 -0.07723125815 
0.03656703979 -0.06175519899 
-0.01165948343 -0.03380966187 
0.02087410167 -0.02241864428 
0.08773694932 0.03173959255 
0.07934956998 0.09894670546 
0.05994676054 0.07413884997 
0.07758934796 -0.01007184945 
0.04196033999 -0.03037353605 
0.00305550010 0.06823082268 
0.04888986424 0.03234935924 
-0.04861654341 -0.04785496369 
0.07122499496 0.01833827049 
-0.09988361597 -0.08657948673 
-0.09861218184 -0.02272920683 
-0.00361580309 0.06249132007 
-0.08801622689 0.07156011462 
-0.09315446764 0.02070521936 
0.01393253729 -0.04410640895 
0.02914489619 0.09377821535 
0.06778032333 0.06864889711 
0.02735236473 0.02453915589 
-0.00038236124 0.03469782695 
0.06959223002 0.05663062260 
-0.01106622908 0.00951271318 
-0.00488766981 -0.05025304481 
0.09433948994 0.09017459303 
0.04407538474 0.00925221108 
0.07461283356 0.02702982724 
0.08822508901 0.05892623588 
0.03981807083 0.08824778348 
0.09613804519 -0.02747690491 
-0.03924978524 -0.01960638352 
-0.04956246912 0.00578624941 
0.09884567559 0.06121291965 
0.04330990836 0.05264784768 
-0.08928517252 -0.03963866457 
-0.04545970634 0.08892937005 
0.09323793650 0.06362379342 
-0.04573654383 -0.06360249221 
0.05733504146 -0.07262337208 
0.05881540850 0.09294427186 
