-0.07264457643 -0.08945662528 
-0.05990076438 -0.01418117248 
0.04856939614 0.05577081442 
0.07269526273 0.05256126449 
0.05314034224 -0.01124629285 
-0.07693459839 -0.03669366241 
-0.05827859417 -0.05357864872 
-0.08840600401 -0.04845855758 
0.08380623162 -0.07161743939 
0.06404417753 0.08914752305 
0.09195341170 -0.05866385624 
0.04465228319 -0.06040629372 
0.05559637770 0.03241419047 
0.04122586176 -0.05854422227 
-0.01343031693 -0.03113555536 
0.02996069193 0.01999329589 
-0.07156215608 -0.08134111762 
0.05795633420 0.00602698838 
0.07951708883 -0.00463688187 
-0.05312927067 0.03882120177 
-0.01759734005 0.07490630448 
0.01469176728 0.05957518518 
0.09323295951 -0.00122651563 
-0.09170719236 -0.08468499035 
-0.07106972486 -0.03858057782 
-0.05793068931 -0.08795777708 
0.09721972048 0.06792046130 
-0.03895742074 -0.06304313987 
0.05964948609 0.05450277030 
0.06302535534 0.03599003330 
-0.00392181380 0.03664561734 
-0.09363300353 0.03652244806 
-0.04278187454 -0.05404555425 
-0.05845418945 -0.07904672623 
-0.06517703086 0.03505256400 
-0.06626482308 -0.09967675805 
-0.07054402679 -0.03889629990 
0.08880770206 0.05599498749 
0.08105002344 -0.02908704616 
-0.02148656361 -0.08341525495 
-0.03921755403 -0.03159853071 
0.05635780469 -0.09496981651 
-0.08399276435 -0.00681021437 
-0.07996633649 0.04425767437 
-0.06954321265 -0.07451134175 
-0.03896942362 0.02656162530 
-0.00147050212 0.04678597674 
0.06334959716 -0.00421878835 
-0.08252973109 -0.05130516365 
0.04801998287 0.05121968314 
