0.06146047264 0.05533439294 
-0.02792408504 -0.09051851928 
0.09178388119 -0.04265265912 
-0.08198595792 0.07695117593 
-0.02703112550 -0.01153809391 
-0.05119725317 0.02659176476 
-0.01817680709 0.01903756335 
0.09381379932 -0.05346485600 
-0.06212329865 0.00586770661 
0.01726583391 0.00674573984 
-0.01265748963 0.04539163038 
-0.07309201360 -0.05175253749 
0.06291037798 -0.09575060755 
-0.04104152694 0.02258286253 
0.09765133262 0.05723517016 
-0.08210776001 -0.04886236042 
-0.07130400091 0.02362933382 
-0.07154493034 0.00708075147 
-0.09596511722 -0.09830658138 
0.08123598993 0.06878361106 
0.01179379504 0.03333631530 
0.07678873092 -0.05548316613 
0.02625826746 0.07982392609 
-0.03711303696 0.09948600084 
-0.01123341545 0.03663128614 
0.08216143399 0.05384057760 
-0.05030989274 0.06982072443 
0.02275587432 0.00477629714 
0.05819475278 -0.03718671948 
-0.08367057890 0.05309708789 
0.01567538641 -0.09504692256 
0.07338174433 0.08717904985 
-0.04369707406 -0.05745090917 
0.02523426339 -0.00828902610 
0.04540831596 -0.08278565854 
-0.01818527095 -0.04961371794 
0.00570892124 0.09419161081 
0.06136257946 -0.02911116369 
0.04104214534 0.03115222231 
0.07831992209 0.05440587178 
0.05171015859 0.09719946235 
0.01620891318 -0.07910107076 
0.05908073485 0.04840908200 
0.02595286444 0.02079778165 
-0.05332299322 0.07718057185 
0.03308401629 0.06180171669 
0.01431260444 0.03416971862 
-0.04777638614 -0.01369427517 
0.08305089921 0.03386441246 
-0.03218900412 0.02498179115 
