0.06588577479 0.02806438319 
-0.01411638316 -0.02132319473 
0.04840556532 -0.04076942429 
-0.04360506684 -0.06589952856 
-0.01663333178 -0.06451623142 
0.07020626217 -0.05929740891 
-0.05827859417 -0.05357864872 
0.02910687961 0.05461642519 
-0.01789893955 -0.05647965893 
-0.02957413346 0.03597785532 
0.01941635460 0.07841380686 
-0.00740930578 -0.00623619929 
-0.02902824059 0.02397190593 
-0.01876070723 0.05720197037 
0.03772133589 0.09353963286 
-0.08472988009 0.08694541454 
-0.03113629669 0.08841983229 
-0.08865973353 0.05638472363 
0.03571209311 -0.04773496091 
0.09401834756 0.05703897029 
0.03439129516 -0.01765240356 
0.04705503583 -0.09231813252 
-0.03538477048 0.05668087676 
-0.00557138771 -0.03537528217 
-0.05619681999 0.08870196342 
0.02003317140 -0.05977724493 
0.09358559549 0.07483905554 
0.08641802520 0.07819835842 
-0.02772161551 -0.01881677285 
0.04762469977 -0.02965628915 
-0.08930291981 -0.09952022135 
0.06138338149 0.01065536030 
0.02746096253 0.01450915355 
-0.07108985633 0.01988691278 
-0.04084333777 0.09541461617 
0.09545153379 -0.05487908050 
-0.07054402679 -0.03889629990 
0.06734690815 0.02818462998 
0.08105002344 -0.02908704616 
0.09232449532 -0.05532608181 
-0.08983472735 -0.03152007237 
0.03376182541 0.03091982566 
-0.00999843981 -0.01867255382 
-0.02478362806 0.06831023842 
-0.08188737929 0.04584672675 
0.08740001172 0.03276114538 
0.01640451513 0.02338521741 
-0.07901231200 -0.02405456454 
-0.06788256019 0.08745988458 
-0.05816660076 0.03463774547 
