-0.04271792993 0.02798454463 
-0.06600809842 0.04140987992 
-0.08848390728 0.09614575654 
0.08494950086 0.03882236034 
0.08436442167 -0.03346673399 
-0.07868815958 -0.03423693404 
0.01743745245 -0.00337623246 
-0.09870215505 -0.01566490903 
-0.01933139563 -0.06108979136 
-0.09371042252 0.08374091983 
-0.03840028867 0.06332948059 
-0.01357746217 0.01858236641 
0.08339966834 0.07642643899 
-0.09778570384 0.00952622481 
0.05248045176 0.04162765667 
-0.09880262613 0.00238893996 
-0.03448288143 -0.05744194239 
-0.06871129572 0.02591605671 
0.01045135781 -0.00109819241 
0.06456062198 0.09153752774 
0.05319773033 0.01277676877 
0.09234581888 -0.08285576850 
0.07025170326 -0.01670372672 
0.08598559350 0.02538787760 
0.08067059517 -0.02217951976 
-0.02997892350 0.08379480243 
0.09110049903 0.06100486964 
0.02703003585 -0.05550508201 
-0.01534924936 -0.08738780767 
-0.05222479254 0.06441053003 
0.07490149885 -0.08606314659 
0.09661977738 -0.05822198465 
0.04653561860 -0.03220150247 
0.05580110475 -0.08661697805 
0.09801572561 -0.07092528045 
0.07034856826 0.01027550828 
-0.05764922872 -0.04806854948 
0.06696451455 -0.06220334768 
0.03191770613 0.06763532758 
0.01450647693 -0.08608613908 
-0.06219570711 -0.06762896478 
-0.03419459239 -0.03626085445 
-0.08763257414 -0.07088593394 
-0.05292568728 -0.00777797773 
-0.04450957850 0.06149202958 
0.03365886211 -0.07494913787 
0.03260921687 -0.07697705179 
-0.09574697912 -0.02696375549 
-0.09148848057 -0.07674214989 
-0.00402870029 0.06589467078 
