-0.01958494075 -0.03181853518 
-0.08296924829 -0.07555063814 
-0.02142749354 -0.08507725596 
-0.04064229131 -0.06411509216 
0.03469025344 0.02567003667 
-0.06442696601 -0.00588152418 
0.07867988199 -0.01919242181 
0.02910687961 0.05461642519 
0.00133491890 0.05884024128 
0.02541618422 -0.03274594247 
-0.06228121743 0.08762316406 
0.04651187360 0.05746087804 
0.05311191827 -0.04709279165 
0.01995867491 0.06945115328 
-0.07034827769 -0.07755767554 
0.02807958424 0.07035487890 
-0.01529446244 0.04493615031 
-0.07955920696 0.09028699249 
0.05412858352 -0.03239672631 
-0.04825021327 -0.08311650157 
-0.00448089838 0.00609535631 
0.03949688375 -0.01318636164 
-0.07230029255 0.00686702132 
-0.02376619354 0.07674139738 
-0.07789467275 0.00244603166 
0.07808676362 0.09259747714 
0.03815776855 0.00966532808 
-0.07617954165 -0.03434628993 
0.01061836071 -0.08542877436 
-0.08078657836 -0.06114272773 
-0.03974579275 0.00259266142 
0.07001130283 0.02202906646 
0.02746096253 0.01450915355 
0.02397447638 0.01254272740 
-0.01692410558 -0.00398304826 
-0.01466897782 0.07835236937 
-0.06497537345 -0.06695649028 
-0.07502112538 -0.04088012502 
-0.03262288496 -0.00891991612 
-0.08900549263 0.00551126851 
-0.04015669227 0.09758625180 
0.06800854206 0.02769564837 
-0.00999843981 -0.01867255382 
0.00412982376 0.09744983912 
-0.02722028643 -0.03613107279 
0.00237905863 -0.04490672424 
-0.05039410666 0.00678469148 
-0.06139130145 -0.09207828343 
0.09433681518 -0.09438163042 
0.06877434999 0.08603318781 
