-1.45948147774 -0.25270864367 
-1.82880651951 -1.46682906151 
0.70913982391 -0.53033649921 
0.89123803377 -0.86914974451 
0.89969122410 -1.43340504169 
0.01659405418 0.46797043085 
-1.07425081730 -1.35199737549 
-0.13641133904 0.35091382265 
0.12260548770 -0.67641443014 
-0.66651648283 0.03352630138 
0.91169965267 -0.61976814270 
-0.19354461133 -1.10440945625 
-1.80765461922 0.30509221554 
-0.07993382215 0.42322015762 
-1.26591646671 -0.07756118476 
-1.78448820114 -1.15669012070 
-0.47541314363 0.74892991781 
-1.74878048897 -0.63179647923 
-1.95047807693 -0.05247214809 
-0.53715711832 0.56449073553 
0.25590780377 -0.35144498944 
-0.90622854233 0.68913185596 
-0.63186740875 -0.13271206617 
0.25975108147 -1.41164457798 
-0.14959900081 -1.24644446373 
-1.49511480331 0.60034775734 
0.84799998999 0.14455215633 
-1.58315873146 -0.45057475567 
