-0.02565846220 0.03173343465 
-0.07429082692 -0.04243448749 
-0.04075057060 0.01631680317 
-0.04746201262 0.00820647553 
0.00300282869 -0.00986607559 
-0.01417433657 0.09078714252 
0.02797264233 0.06471282989 
-0.07915738225 0.07325878739 
-0.03601470962 -0.00386648835 
-0.01713378914 -0.03901412338 
-0.01763811707 0.05523213372 
-0.01349893026 0.07522165030 
-0.05576796830 -0.09836222231 
0.04391296580 -0.05486030504 
-0.04665870219 0.00507151196 
-0.03829452395 0.05043270066 
-0.09327714145 0.05311791971 
-0.08237375319 -0.03427420929 
0.01317163650 0.02106049843 
-0.07304523140 0.00755520724 
0.01568257622 -0.05610027164 
-0.09988361597 -0.08657948673 
-0.00276251812 0.05919084698 
0.05050534382 0.03096647747 
-0.00703516789 -0.05224744231 
0.09404066205 0.02412823215 
-0.08907498419 0.08275404572 
-0.00178306049 -0.00633946946 
-0.06596322358 -0.07046082616 
-0.02866854705 -0.03184124827 
-0.00038236124 0.03469782695 
0.09191393107 -0.03885127231 
0.04994101450 -0.09296146780 
0.01048798114 -0.03227242082 
-0.08201818168 0.01764816791 
-0.06080698967 0.09410219640 
0.02821621299 0.08423578739 
-0.06623646617 0.01290708780 
0.03981807083 0.08824778348 
0.08893027157 -0.06416536123 
0.02583646215 -0.04092747346 
0.07793136686 -0.07097596675 
-0.03468341753 -0.05330402404 
-0.03658836707 -0.04778233916 
0.03618429974 -0.01099202316 
-0.04545970634 0.08892937005 
0.03862269968 0.05652809888 
0.01028905157 0.08545712382 
-0.04529838264 -0.02677545510 
0.07881921530 0.04328847677 
