0.06146047264 0.05533439294 
-0.01342768781 0.08133310825 
-0.03443059698 -0.09009484947 
-0.06515093893 -0.03699227422 
0.05325711519 0.05973127857 
0.09544131905 -0.03985752910 
-0.05118257925 0.00394333899 
0.09381379932 -0.05346485600 
0.04842208326 -0.06210555136 
0.01726583391 0.00674573984 
0.02552036569 -0.03721281514 
-0.03988395259 -0.02617980540 
0.06874603778 0.04574821889 
0.09516946971 -0.03236652911 
-0.06474337727 0.00264218706 
0.06674698740 0.07265330106 
-0.07130400091 0.02362933382 
-0.07154493034 0.00708075147 
0.00927500706 -0.05123628676 
0.08123598993 0.06878361106 
0.02743409947 -0.04148482159 
-0.04327486455 -0.06067761779 
-0.05884455144 0.04675999656 
-0.01974369772 0.03561826795 
0.09811932594 0.02693871967 
-0.06695303321 0.01426847558 
-0.05078189820 -0.01170686539 
-0.08957818896 0.08408884704 
-0.09115286916 -0.01407344919 
-0.04941786826 0.00992097147 
0.06793656945 0.08064350486 
0.07338174433 0.08717904985 
-0.05282266065 0.07998286188 
-0.04429069534 0.02841643058 
0.08758236468 -0.03849391267 
-0.03283835202 -0.00561221736 
0.08515220881 0.00225270493 
0.01991494745 0.07115188241 
0.05725330859 0.05766262114 
0.07831992209 0.05440587178 
0.00017916555 0.02697832510 
0.09707324207 -0.09009512514 
0.07487909496 0.09227519482 
-0.07971619070 -0.01034959499 
-0.06914210320 0.00630803918 
0.04010790586 0.00904890522 
-0.01326776110 0.08835469931 
-0.04777638614 -0.01369427517 
-0.01835644245 0.06835948676 
-0.07992047071 -0.04060523584 
