-0.02932707034 -0.03615288436 
0.04196519032 -0.04051283374 
0.01688693650 0.04202921689 
-0.06067750230 0.00767257903 
0.01587845571 0.07615490258 
-0.05170062929 -0.03477111459 
0.00262262044 0.03029275127 
0.05626620725 0.07710783184 
0.03520002961 -0.03721912578 
-0.09695575386 -0.00179422309 
-0.03561704606 -0.09900746495 
0.01718407497 -0.06051450223 
0.00078273658 0.06237468496 
0.07494963706 -0.04775191098 
0.00743182655 0.04390916973 
0.02942238748 0.08696216345 
0.08749770373 0.03047323041 
-0.05541896075 -0.07280214876 
-0.04241603613 -0.09342075139 
-0.04317815602 0.00147850194 
-0.07054176927 0.07371817529 
0.02501288801 -0.01220131107 
-0.03538477048 0.05668087676 
0.06658913195 0.00602865824 
0.06565201283 0.01785439439 
0.08239115030 -0.08079189807 
0.09223556519 -0.09543539584 
-0.01254260819 -0.05521438271 
-0.00544149196 0.01155411173 
-0.08396552503 -0.04523708671 
0.04701980203 -0.03026086465 
-0.07234751433 -0.04884379730 
-0.05287037417 0.08114714921 
-0.07108985633 0.01988691278 
-0.00540183019 -0.01488935295 
-0.01338748820 0.09903742373 
-0.09595105052 0.06569747627 
-0.08354392648 0.05470331013 
0.09243241698 -0.03029054962 
0.00933079887 -0.00096707366 
-0.08983472735 -0.03152007237 
-0.06811650097 -0.01414909773 
-0.02751091123 0.00232604798 
-0.01507147960 0.00858684350 
-0.00963543355 0.02372894622 
0.08740001172 0.03276114538 
0.02696581744 -0.02774164081 
-0.08677505702 0.07057794929 
0.03075129911 0.08112541586 
-0.03049186431 0.08781705797 
