-0.08856329322 0.02698223665 
-0.02792408504 -0.09051851928 
0.01289382856 0.06269221008 
-0.01755062491 -0.08436432481 
0.05325711519 0.05973127857 
-0.09695942700 0.04369671270 
-0.08833677322 -0.05556065589 
-0.01366682723 0.07223424315 
-0.00006898643 0.03494039923 
-0.04130657390 -0.02419113554 
-0.01683722995 0.01766145974 
-0.01382601727 -0.03737741336 
-0.08275931329 0.02110516094 
-0.04104152694 0.02258286253 
-0.02332803048 -0.08897902071 
-0.01932245679 0.05737791955 
0.01771489158 -0.01416588668 
-0.09540437162 0.08878476173 
0.00927500706 -0.05123628676 
-0.08670321107 0.02950522862 
0.07480853796 0.09436403215 
0.02269843593 0.09583022445 
0.01259193476 -0.09423005581 
-0.09166292846 0.03104124218 
-0.00650754105 0.03713157773 
0.07997579128 -0.04304884747 
0.06849505752 -0.09716573358 
0.08449212462 -0.04755482078 
0.02363987826 0.03355077654 
-0.08367057890 0.05309708789 
0.01567538641 -0.09504692256 
0.07338174433 0.08717904985 
-0.05282266065 0.07998286188 
0.07087319344 0.07378283888 
0.00417353585 0.09948115796 
0.01771063916 0.00211090362 
0.00570892124 0.09419161081 
-0.05181140825 -0.01716533676 
0.01798745245 0.00399817852 
0.07050716132 0.05497063696 
0.07590743899 -0.03554183245 
-0.00919546094 -0.06511650980 
0.05908073485 0.04840908200 
0.05482693017 -0.07426784933 
-0.05332299322 0.07718057185 
0.08639530092 0.00716806110 
-0.01326776110 0.08835469931 
-0.08175081015 -0.07498466223 
-0.06171074137 -0.06141251326 
0.08248554915 0.05457993597 
