-0.08997069299 0.00032164532 
0.00719251484 0.00766049372 
-0.02142749354 -0.08507725596 
-0.04360506684 -0.06589952856 
0.06950160116 -0.03478191420 
0.05921795219 0.06634303182 
0.07176280022 0.08973068744 
0.02910687961 0.05461642519 
0.01686146483 -0.02996087074 
-0.05133708939 -0.03236988932 
-0.09556013346 -0.03350968659 
-0.00740930578 -0.00623619929 
0.05311191827 -0.04709279165 
-0.07688137144 -0.08759623766 
-0.02326941118 0.07754094154 
-0.08472988009 0.08694541454 
-0.04289526865 -0.01261612959 
-0.03455824032 -0.09873244911 
0.03571209311 -0.04773496091 
-0.04825021327 -0.08311650157 
0.03439129516 -0.01765240356 
-0.08293289691 -0.00733316550 
0.08148229867 0.06274539977 
-0.00557138771 -0.03537528217 
0.00369673874 -0.08212321997 
0.08229440451 0.02746507898 
0.01200986281 0.07457707822 
-0.03992217779 -0.03590813652 
0.07422817498 -0.06832331419 
-0.04703165218 -0.05224183574 
-0.00303176139 -0.08065576851 
-0.04424220696 0.08816748112 
-0.01133181434 -0.08854652941 
0.04635387287 0.06349788606 
0.07949290425 -0.06922448426 
-0.01466897782 0.07835236937 
-0.01319960505 -0.07930969447 
0.05930138752 0.00992253236 
-0.03662176058 -0.09556917846 
0.09147576988 -0.04329066724 
-0.00440638606 0.04000295699 
0.03376182541 0.03091982566 
0.09966295213 0.09167721123 
0.09033344686 -0.07474079728 
-0.08188737929 0.04584672675 
-0.04816067219 -0.09084448218 
0.06762346625 -0.01935268380 
-0.01860577427 0.05063237995 
-0.06788256019 0.08745988458 
-0.00355403055 0.04264688864 
