-1.52374267578 -1.02863204479 
0.17033988237 1.80908930302 
-0.07991632074 1.38975322247 
-0.04371434078 0.17943567038 
-1.50888276100 0.60328614712 
1.32475495338 -0.97162050009 
1.02378904819 -1.46219551563 
0.32364583015 1.26170909405 
-1.89091038704 0.04181256890 
-0.44496533275 -0.10824450105 
0.27206084132 -0.32757169008 
1.20567762852 -1.24300432205 
-0.95436096191 -1.81175339222 
-0.38842168450 -1.57410573959 
0.74290627241 -1.40800511837 
-0.58635014296 -0.47887575626 
-1.47947454453 -1.60585832596 
0.11643310636 -1.87681233883 
-0.98753589392 -0.24063362181 
-0.70759892464 1.43505227566 
-0.43327522278 -0.10463585705 
0.56065344810 1.39969503880 
-1.39922642708 -0.56669890881 
0.11325109005 1.62896203995 
1.82796812057 1.48205292225 
1.45859348774 1.50087487698 
-0.80926972628 1.91768932343 
1.63007330894 -1.52674758434 
