0.43813118339 -0.49269545078 
0.00514127500 0.92148679495 
-0.05690992996 -0.75832104683 
0.82389503717 -0.69048011303 
0.44697177410 -0.82031369209 
-1.85395514965 -1.27421414852 
-1.99068391323 -1.88389730453 
-0.47603029013 -1.54875671864 
0.17179618776 -1.14293789864 
0.93020135164 0.97703719139 
-1.89040505886 -1.48645591736 
-1.04728567600 0.35874700546 
-0.44559791684 -0.42997229099 
-0.01727933064 -1.09162425995 
-1.64157342911 -1.02926981449 
-1.09817969799 -0.93393534422 
-0.91885274649 0.83588474989 
0.55982655287 -0.84316897392 
-0.95145493746 -0.39070740342 
-1.33219456673 0.06337311119 
0.96562176943 -1.10684990883 
-0.68457227945 -1.65158593655 
0.13494844735 0.31184858084 
0.25975108147 -1.41164457798 
-0.66694939137 -1.57783329487 
-0.10344588757 0.34391519427 
-1.37329399586 -1.46627914906 
0.70550990105 -1.13713669777 
