-1.45948147774 -0.25270864367 
0.42076632380 -1.94174396992 
0.90813356638 -0.84516835213 
0.59041029215 -1.39436388016 
-1.23491585255 0.24864190817 
0.01659405418 0.46797043085 
-1.07425081730 -1.35199737549 
-0.13641133904 0.35091382265 
-0.73731374741 0.49280974269 
-0.66651648283 0.03352630138 
-0.21671263874 -0.37834301591 
-1.50344097614 -1.20791935921 
-1.08415412903 -0.59675061703 
-0.34482839704 -1.70947825909 
-0.03741919994 -0.25488507748 
-1.78448820114 -1.15669012070 
-0.47541314363 0.74892991781 
-1.74878048897 -0.63179647923 
-0.61156821251 -1.11634278297 
-1.33219456673 0.06337311119 
0.96562176943 -1.10684990883 
-0.68457227945 -1.65158593655 
0.13494844735 0.31184858084 
0.25975108147 -1.41164457798 
-0.66694939137 -1.57783329487 
-1.42707204819 -0.02227742970 
0.84799998999 0.14455215633 
-1.58315873146 -0.45057475567 
