0.08593220264 -0.05787680298 
0.02244792692 0.07181348652 
-0.03895827383 -0.03858171403 
-0.07010345906 0.00378078735 
0.08340267837 -0.02712176740 
0.04506145045 0.06430865824 
0.09430450946 -0.08793836832 
-0.08754856139 -0.02878025547 
-0.01245021075 -0.01152465213 
-0.07488692552 0.05633895844 
-0.02791291848 -0.00855063368 
0.05112588406 -0.03173629567 
-0.09427003562 -0.03414144367 
0.02569915913 0.09739789367 
0.09020370245 -0.06511221826 
0.09831326455 -0.09462010860 
0.00132738869 -0.05326187611 
0.02728977613 0.00427056337 
-0.05881714076 0.05462048948 
0.05899757519 0.06378108263 
0.08715375513 -0.04152004048 
-0.09031331539 -0.05759452283 
0.02290554345 0.06534837931 
-0.02247792296 0.08941832930 
0.02280931175 0.03460161015 
0.02736964636 -0.02764796652 
0.04019482061 -0.05879242346 
0.06269315630 -0.01054956857 
-0.00275743124 0.06846434623 
-0.08640758693 0.03498971462 
-0.04573988914 0.07369212061 
0.02490671538 0.03449745849 
0.09291410446 -0.01065619756 
0.00704049319 0.03812371194 
-0.03272057325 0.04662819952 
0.03353475034 0.07835394889 
0.03883928806 0.02394923009 
-0.08983076364 -0.08566416055 
-0.06546273828 -0.07393746823 
0.08942526579 -0.06976875663 
-0.04739163816 -0.05386580527 
0.01321224868 0.06553253531 
0.01099796034 0.03825000301 
0.05715435743 0.05766473711 
-0.02129605599 0.08293673396 
0.06807114184 0.08202710748 
-0.01105056982 -0.02909135446 
-0.01706017368 -0.07980172336 
-0.09137027711 0.09133364260 
-0.02607491799 0.05760710686 
