0.02960974723 0.00645154901 
-0.06479866058 0.01625879109 
-0.05184148997 -0.03012300283 
0.06330090761 0.01541282516 
0.02905554883 -0.06068556756 
-0.01417433657 0.09078714252 
-0.09950100631 0.09827836603 
0.09511910379 -0.08658959717 
-0.09562432766 -0.09937100112 
-0.08459544927 -0.02549853548 
-0.01468031481 0.04672229290 
-0.00615429552 0.09229958802 
0.07751926035 0.02335411124 
0.09497523308 0.08983881772 
-0.03485892713 0.06885311753 
-0.06714044511 -0.01596387476 
0.01760604978 -0.07717687637 
-0.03845752776 -0.03868440911 
0.04888986424 0.03234935924 
-0.02006693184 -0.06823962182 
0.07786843181 -0.08615932614 
-0.09988361597 -0.08657948673 
0.04086476937 0.07167951018 
-0.04682994634 0.05174780637 
-0.08801622689 0.07156011462 
-0.04011631384 0.07337712497 
-0.00610827049 -0.06929966807 
0.07493462414 -0.05411824957 
0.02077574655 -0.07894346118 
-0.01223058533 0.09917685390 
-0.00038236124 0.03469782695 
0.08154112101 -0.09206315875 
-0.00664667133 -0.02420645021 
0.01048798114 -0.03227242082 
-0.01945749298 0.00711721880 
-0.04281767085 -0.05524960533 
0.09128498286 0.03094481491 
-0.03416351974 0.00596469361 
0.01604105905 0.05135778710 
0.08927421272 -0.01290403213 
-0.03139219433 -0.06782241911 
-0.02821108140 -0.05185659975 
-0.06322291493 0.03696063906 
-0.03658836707 -0.04778233916 
-0.01581164822 -0.05536835268 
-0.04545970634 0.08892937005 
0.01918031834 0.01128542423 
-0.04728822783 0.06922426075 
0.08692360669 0.00248697610 
0.05881540850 0.09294427186 
