0.05488049611 -0.01898771711 
-0.04240057990 0.00462480914 
0.06909447908 0.01559379604 
0.06761869788 -0.01593574695 
-0.08751050383 0.08826295286 
-0.03589823097 0.05115097761 
-0.09950100631 0.09827836603 
0.09511910379 -0.08658959717 
-0.01406138949 -0.05558988452 
0.06582504511 0.02799470350 
-0.01165948343 -0.03380966187 
-0.00615429552 0.09229958802 
0.02400505915 -0.01346553303 
0.07934956998 0.09894670546 
-0.04665870219 0.00507151196 
-0.09125512838 0.00955230650 
0.04196033999 -0.03037353605 
0.02802647650 0.07272855192 
0.04888986424 0.03234935924 
-0.04861654341 -0.04785496369 
0.07122499496 0.01833827049 
-0.09988361597 -0.08657948673 
-0.08252712339 -0.09229920059 
0.09768669307 0.02305292711 
-0.08801622689 0.07156011462 
-0.01310841460 0.04113476351 
-0.03207324073 0.05230147392 
0.02914489619 0.09377821535 
0.06778032333 0.06864889711 
0.02735236473 0.02453915589 
-0.00038236124 0.03469782695 
-0.05674870685 0.07035161555 
0.00234982488 -0.09883636981 
-0.04650096968 0.04678863660 
0.07424351573 -0.04386371747 
-0.08192203939 -0.09697273374 
0.00705508702 -0.09645289183 
0.06331600994 0.00953842886 
0.01604105905 0.05135778710 
0.09613804519 -0.02747690491 
-0.00291157118 -0.03218113258 
-0.04956246912 0.00578624941 
0.09884567559 0.06121291965 
0.03173657134 0.07761289179 
-0.01581164822 -0.05536835268 
-0.04545970634 0.08892937005 
-0.07609625161 -0.03712585941 
-0.04573654383 -0.06360249221 
0.05733504146 -0.07262337208 
0.05881540850 0.09294427186 
