-0.08406820148 -0.31840789318 
-0.03073293343 -0.02190230973 
0.38174527884 0.05705459788 
-0.15703007579 -0.31360718608 
-0.26811584830 0.08607195318 
0.02395590208 -0.23926579952 
-0.24157492816 0.23205864429 
-0.12896944582 -0.29197853804 
-0.12801904976 -0.27092984319 
0.01575879194 0.38845130801 
0.39718562365 -0.16062235832 
-0.31405022740 -0.08881069720 
0.34551453590 -0.22785732150 
-0.15188653767 0.35146236420 
-0.23964403570 -0.05249020457 
-0.23334142566 0.39421957731 
-0.29745605588 -0.09348774701 
-0.29753154516 0.33002093434 
0.39787441492 0.27858847380 
-0.23534728587 -0.18682907522 
-0.07778222114 0.28122273088 
0.30695062876 0.36688908935 
0.33248463273 0.33898195624 
-0.14191389084 -0.00698487880 
-0.32733085752 0.35806518793 
0.00617950317 0.31112852693 
-0.37919512391 0.06304834038 
-0.31977394223 -0.13582007587 
