-0.05173002928 -0.02894594520 
0.02813202515 -0.09886082262 
-0.02142749354 -0.08507725596 
-0.04493431374 -0.01944328658 
0.02754701860 0.07382632047 
-0.01371644437 0.04591808841 
0.07867988199 -0.01919242181 
0.02910687961 0.05461642519 
0.00133491890 0.05884024128 
-0.05766539276 0.07473754883 
0.03231265396 0.00438739220 
0.01120115723 0.03984137997 
0.05311191827 -0.04709279165 
0.00618902408 0.07620624453 
0.07102619857 0.00287128752 
0.02807958424 0.07035487890 
-0.01529446244 0.04493615031 
-0.08564331383 0.03091265447 
0.07655487210 0.09149836749 
0.01778284274 -0.00109754573 
-0.05591317266 0.07399319857 
0.03949688375 -0.01318636164 
-0.07230029255 0.00686702132 
0.02193607762 0.08257880807 
-0.07789467275 0.00244603166 
0.09286883473 0.00770341372 
-0.06242246181 -0.05681541562 
-0.07617954165 -0.03434628993 
0.01061836071 -0.08542877436 
-0.08075228333 -0.04049637169 
-0.03974579275 0.00259266142 
0.00788838416 -0.06285754591 
0.02746096253 0.01450915355 
0.02397447638 0.01254272740 
-0.01692410558 -0.00398304826 
-0.01338748820 0.09903742373 
-0.06497537345 -0.06695649028 
0.06734690815 0.02818462998 
-0.06064854562 0.03205303848 
-0.08900549263 0.00551126851 
-0.04015669227 0.09758625180 
0.06800854206 0.02769564837 
-0.00999843981 -0.01867255382 
0.00412982376 0.09744983912 
-0.00508677633 -0.02011185512 
0.00237905863 -0.04490672424 
-0.06807943434 -0.01975114830 
-0.01743096299 -0.01978715882 
-0.06727019697 -0.00460939249 
0.01795382239 0.06540232152 
