-0.18902535737 0.10426061600 
0.03960904106 -0.35488983989 
0.01697528362 0.33942466974 
0.24561581016 0.00826458260 
-0.25503265858 0.13561615348 
-0.33175170422 -0.04933039472 
-0.36116787791 -0.38159808517 
-0.15394082665 -0.14476326108 
0.27919238806 0.02788203768 
-0.32780113816 -0.33321022987 
0.35403355956 -0.01602088101 
-0.27346810699 0.00886766240 
-0.25438061357 0.20456659794 
-0.07726658881 0.24104148149 
0.16481584311 0.34718346596 
-0.10358675569 -0.38577684760 
0.16157089174 0.32773309946 
-0.35315907001 0.31619894505 
-0.04938545451 -0.14156822860 
0.19557291269 -0.26687407494 
0.08787225932 0.34882298112 
0.22357441485 -0.19363887608 
-0.17453198135 0.30170011520 
-0.36205828190 -0.28463226557 
-0.24215941131 0.34155914187 
-0.04146646336 0.13527418673 
-0.16666407883 0.01400637347 
0.22368946671 0.17489314079 
