0.06146047264 0.05533439294 
-0.02286816016 -0.02387465164 
0.01289382856 0.06269221008 
-0.06515093893 -0.03699227422 
0.04976174608 0.05834285915 
-0.09695942700 0.04369671270 
-0.01817680709 0.01903756335 
0.09381379932 -0.05346485600 
0.08129304647 -0.00481654191 
0.01726583391 0.00674573984 
0.04389847070 -0.03614795208 
-0.01382601727 -0.03737741336 
-0.09337125719 0.05971468985 
-0.03645521775 -0.06662560254 
-0.06557900459 -0.02374347299 
-0.01932245679 0.05737791955 
-0.04658778757 -0.02183106542 
-0.07154493034 0.00708075147 
0.00927500706 -0.05123628676 
0.08123598993 0.06878361106 
0.07297356427 -0.09677094966 
0.02269843593 0.09583022445 
0.01259193476 -0.09423005581 
-0.09166292846 0.03104124218 
-0.09568005800 0.04856419563 
0.07997579128 -0.04304884747 
0.06849505752 -0.09716573358 
0.08449212462 -0.04755482078 
0.02363987826 0.03355077654 
0.08580578864 -0.08787021786 
-0.02624225244 0.04274640977 
-0.07389540225 0.09738070518 
-0.05282266065 0.07998286188 
-0.04378389567 0.07586458325 
0.07704754919 -0.05785028636 
-0.00158380100 -0.04932577536 
0.00570892124 0.09419161081 
0.02009035461 0.09910158813 
0.05909926444 -0.09697928280 
0.09450477362 -0.07186658680 
0.05171015859 0.09719946235 
-0.00919546094 -0.06511650980 
0.05908073485 0.04840908200 
0.05482693017 -0.07426784933 
0.07346463203 -0.01138958242 
0.03308401629 0.06180171669 
-0.01326776110 0.08835469931 
-0.03250770643 0.00943737477 
-0.06171074137 -0.06141251326 
0.08248554915 0.05457993597 
