-0.04177162424 -0.08761680871 
-0.09651888162 -0.06350509077 
0.05447947234 -0.08369839191 
0.07269526273 0.05256126449 
-0.04619465023 0.06641747802 
-0.08592243493 -0.03581599891 
-0.05827859417 -0.05357864872 
0.06397816539 -0.04829286039 
-0.01789893955 -0.05647965893 
0.09747178108 0.06994611025 
0.09089753032 -0.02932045236 
0.04465228319 -0.06040629372 
-0.07213688642 0.09669006616 
-0.02221069485 0.05703485757 
0.08137702942 -0.08411972970 
-0.08472988009 0.08694541454 
-0.03113629669 0.08841983229 
-0.08564331383 0.03091265447 
0.07951708883 -0.00463688187 
-0.06942905486 0.07570569962 
-0.01759734005 0.07490630448 
0.04705503583 -0.09231813252 
-0.06566316634 0.05449389294 
-0.09170719236 -0.08468499035 
-0.05619681999 0.08870196342 
-0.07780795544 -0.08956984431 
0.02419630997 0.04754949361 
-0.03992217779 -0.03590813652 
0.07422817498 -0.06832331419 
-0.01557904854 0.01368276216 
-0.00303176139 -0.08065576851 
-0.08841758221 0.09005440027 
-0.01133181434 -0.08854652941 
0.05922190100 0.05379777774 
0.07949290425 -0.06922448426 
-0.04352600873 -0.06107110530 
-0.07054402679 -0.03889629990 
-0.06154666096 0.06198296323 
0.09713552892 0.06760977954 
0.01283007860 0.08655741811 
0.08871002495 0.08274195343 
0.03376182541 0.03091982566 
0.09966295213 0.09167721123 
-0.02478362806 0.06831023842 
-0.06954321265 -0.07451134175 
-0.09157034755 0.07440670580 
-0.00403881352 -0.00901831500 
-0.04898443073 0.09259343892 
-0.08252973109 -0.05130516365 
-0.04514389113 -0.00835884083 
