-0.55282199383 -1.48869013786 
-1.63125896454 -0.53023618460 
-0.93287909031 -0.79204231501 
-0.09271103889 0.95714586973 
-0.12330394983 -1.77908039093 
-0.41158196330 0.63280826807 
-0.55188614130 -1.69972980022 
-0.70150250196 -1.42662906647 
-1.82562041283 0.72504502535 
-1.00911426544 -0.57517397404 
0.27000644803 -0.87920033932 
0.22551876307 0.56240743399 
-0.72242414951 -0.86524367332 
-0.40269783139 -1.56849920750 
-1.02374732494 -0.44670230150 
0.62709033489 -1.73269212246 
-1.90684139729 -0.65523403883 
-0.70537197590 -1.52377331257 
-1.19236350060 -0.23974202573 
-0.95022243261 0.79595232010 
-1.61735689640 -0.33845156431 
-0.41438946128 -1.37740623951 
-0.35280698538 -1.65021824837 
-0.45646676421 0.51447242498 
0.17075215280 -1.96762037277 
-1.72442471981 -1.39608049393 
0.03823871911 0.95651990175 
-0.13439214230 -1.93271124363 
