-0.05805259198 0.00955405366 
-0.02792408504 -0.09051851928 
0.08317803591 0.01616510563 
0.04875776917 -0.04341562465 
0.00358805200 -0.06707927585 
-0.00638344605 0.05658458918 
0.03048866987 -0.07797019184 
0.08375138789 0.03185624629 
-0.00006898643 0.03494039923 
0.01726583391 0.00674573984 
-0.01683722995 0.01766145974 
-0.03988395259 -0.02617980540 
-0.07275591791 0.05351097509 
0.06829407811 0.01231834851 
-0.06559322774 -0.04074571654 
0.06674698740 0.07265330106 
-0.00593101000 0.00877539720 
0.05813302472 -0.01120938361 
0.00927500706 -0.05123628676 
0.00576547580 0.06321355700 
-0.00521677826 0.06214765459 
0.07678873092 -0.05548316613 
0.01259193476 -0.09423005581 
-0.05234336853 0.02925854176 
-0.00650754105 0.03713157773 
-0.09671349078 -0.05486985669 
-0.02116565593 -0.06856480986 
-0.09779481590 -0.06969106197 
0.02902310528 -0.07297442853 
0.04554606974 0.00027788748 
0.07903610170 0.05292927474 
0.07338174433 0.08717904985 
-0.04578173533 -0.05064063519 
0.04887528718 -0.01035523135 
0.05831342191 -0.08222594112 
-0.05728295445 0.05812802166 
0.05619338900 -0.05492775515 
-0.05181140825 -0.01716533676 
0.05725330859 0.05766262114 
-0.02965532243 -0.05203941837 
0.06770860404 -0.09442504495 
0.03899600729 0.08856450021 
0.05908073485 0.04840908200 
0.00629158085 0.08034256846 
-0.05332299322 0.07718057185 
0.00697572017 -0.02902398445 
0.08762984723 -0.07448490709 
-0.02172597125 0.03908355907 
-0.06171074137 -0.06141251326 
0.06855021417 0.00211902009 
