0.06461030990 -0.09788504988 
0.04061804339 0.07282865793 
-0.00348129473 -0.08577844501 
0.09876427799 -0.00716279401 
0.02086081915 0.06034871936 
0.03444727883 0.06886721402 
-0.01817680709 0.01903756335 
-0.01741052605 -0.08583190292 
0.07983284444 -0.06693726778 
0.01726583391 0.00674573984 
0.02552036569 -0.03721281514 
-0.03988395259 -0.02617980540 
0.06874603778 0.04574821889 
0.07798344642 -0.06857882440 
-0.04961327836 0.00652265223 
-0.03645297140 -0.03066206351 
-0.02910887823 -0.03818858042 
-0.06235815585 -0.06278970093 
0.00927500706 -0.05123628676 
-0.08670321107 0.02950522862 
0.03032852709 0.04480713978 
0.07678873092 -0.05548316613 
-0.05884455144 0.04675999656 
-0.01974369772 0.03561826795 
-0.00650754105 0.03713157773 
-0.03713035211 -0.03674568981 
-0.05078189820 -0.01170686539 
0.08449212462 -0.04755482078 
-0.05826907605 -0.08396951109 
-0.05360048637 0.01844033413 
0.09696716815 -0.01071056165 
-0.02417568490 0.04139064997 
0.09640628099 0.02855582722 
0.09169141203 -0.07423789799 
0.00114769861 0.06462293863 
-0.03283835202 -0.00561221736 
-0.06686478853 0.00104421179 
0.02009035461 0.09910158813 
0.01798745245 0.00399817852 
0.02358922735 0.04664287716 
0.02131465264 -0.02482299134 
0.05549070239 0.08754851669 
0.05908073485 0.04840908200 
-0.07971619070 -0.01034959499 
-0.06914210320 0.00630803918 
0.07539794594 -0.09250593930 
0.06453074515 0.05231033266 
-0.08104067296 0.01464246493 
-0.01835644245 0.06835948676 
-0.04139794409 0.01465879474 
