0.03862040490 0.09418078512 
-0.02286816016 -0.02387465164 
0.01289382856 0.06269221008 
-0.07604579628 -0.03733889386 
0.00060490315 -0.03884533420 
-0.03957662731 0.01255708933 
-0.05860094726 0.00324581098 
-0.03969028220 -0.08344095200 
-0.00148793648 -0.02087416127 
0.09435302019 0.02136345766 
0.04389847070 -0.03614795208 
-0.02232858352 -0.09839657694 
0.05658052117 -0.01390060596 
-0.03645521775 -0.06662560254 
-0.06474337727 0.00264218706 
0.01401572116 0.01229354832 
0.06991860271 0.00229977234 
-0.09540437162 0.08878476173 
0.01590080373 0.05746905878 
0.08123598993 0.06878361106 
-0.04627878964 -0.00369111332 
-0.04520791769 -0.04927654937 
-0.04426523298 -0.00413234485 
0.00209702039 -0.01708061062 
-0.09568005800 0.04856419563 
-0.06368007511 -0.06527851522 
0.06577804685 0.01677063107 
0.02275587432 0.00477629714 
-0.06957160681 -0.08469069004 
-0.08367057890 0.05309708789 
0.01567538641 -0.09504692256 
0.07338174433 0.08717904985 
0.02095082588 -0.01466923486 
-0.09498672932 -0.06694458425 
0.08758236468 -0.03849391267 
-0.00158380100 -0.04932577536 
-0.05109980330 0.04136063904 
0.02009035461 0.09910158813 
-0.00324401469 -0.05685476214 
0.07050716132 0.05497063696 
0.05171015859 0.09719946235 
0.03462760150 -0.09089667350 
-0.09628905356 0.06014178321 
0.03907883167 0.03556234762 
0.07346463203 -0.01138958242 
-0.01500739623 -0.07131446153 
0.06453074515 0.05231033266 
-0.03250770643 0.00943737477 
0.05132131279 0.03526713699 
-0.04139794409 0.01465879474 
