-1.45948147774 -0.25270864367 
-0.69844675064 -1.91941666603 
-0.21923694015 -1.85237228870 
-1.41682410240 -0.68545633554 
0.89969122410 -1.43340504169 
0.87124973536 -0.51203179359 
-1.31888186932 -1.07228028774 
-0.20684015751 -0.90123987198 
-0.46143257618 0.19840455055 
-1.28765213490 -0.33402445912 
0.98696357012 -1.65422308445 
-1.26131439209 0.93462508917 
-1.87157654762 0.91590237617 
-1.71189069748 -0.59639590979 
-0.70163387060 -1.50467658043 
0.48310142756 -0.98256152868 
0.95720702410 -1.52297329903 
-1.31762993336 -0.37013733387 
0.00055495877 0.32860529423 
0.64767283201 -1.87550592422 
0.36255404353 -1.79238116741 
0.92657113075 -0.40612623096 
-1.92822706699 -0.12453819066 
0.02142283320 -1.65842747688 
-1.48968017101 -1.57441985607 
-0.84842598438 -1.15352642536 
-1.74657523632 -0.57594752312 
-1.92875075340 -1.73470175266 
