0.07426971197 0.06147986650 
-0.02792408504 -0.09051851928 
0.02029046603 0.02396704070 
-0.01329461578 -0.09516634792 
0.05325711519 0.05973127857 
0.09544131905 -0.03985752910 
0.00987397041 0.03098409250 
-0.01530073211 -0.02381886169 
0.08129304647 -0.00481654191 
-0.01603760943 -0.01682554185 
0.01920529455 -0.08705874532 
-0.09778054059 0.06426043808 
-0.07837254554 -0.00701265875 
-0.08303953707 -0.06791167706 
-0.09703407437 0.07686077058 
0.06674698740 0.07265330106 
0.04608075321 0.01862367988 
-0.01261141989 0.05836379528 
0.04064767435 -0.08205395192 
-0.08670321107 0.02950522862 
-0.04688096792 0.00485227024 
0.07678873092 -0.05548316613 
0.04112286866 0.06164433807 
0.00209702039 -0.01708061062 
-0.08158185333 0.02619249560 
-0.06695303321 0.01426847558 
0.07079637051 -0.01509086508 
-0.08957818896 0.08408884704 
0.04186644778 0.09131674469 
0.08580578864 -0.08787021786 
0.05004344881 -0.03172960877 
-0.02068683319 -0.00023934877 
-0.04506767914 0.01768622920 
-0.04429069534 0.02841643058 
0.07704754919 -0.05785028636 
-0.08500029147 -0.03229311109 
0.00570892124 0.09419161081 
0.02009035461 0.09910158813 
0.01798745245 0.00399817852 
-0.08297850192 -0.02839249745 
0.03112378158 -0.03103426844 
0.03233250976 0.00893546641 
0.07824717462 0.03719902784 
-0.07971619070 -0.01034959499 
0.07346463203 -0.01138958242 
0.02803248726 -0.09289994836 
-0.01326776110 0.08835469931 
-0.03250770643 0.00943737477 
0.05909556523 -0.05849838629 
-0.02205004171 0.08790980279 
