0.06790362298 -0.02975465544 
0.00679410668 -0.01810149290 
-0.03099021316 -0.05541623756 
-0.01627936028 0.00384402997 
0.04029211029 -0.08345764875 
-0.02760195732 -0.06080898270 
-0.05909906700 -0.02121455036 
0.04585603997 0.00548139960 
0.01144849323 -0.08278618008 
-0.06884146482 -0.05747322366 
0.00233224803 0.06081191823 
0.05182266608 -0.01507466473 
0.04031198844 -0.08887857944 
0.02857916802 -0.01012143865 
-0.03499197587 -0.04881940037 
0.06823661923 -0.03576909751 
0.03630880266 -0.04391473159 
-0.06560229510 -0.01391424146 
0.02767872997 0.01167865004 
0.04833164811 0.03436299786 
0.05649143457 -0.06785288453 
-0.05380893871 -0.02488606609 
0.09195157140 0.09967501462 
-0.02238744870 0.09421425313 
-0.01175224036 -0.08220601827 
0.06071524322 0.09361963719 
0.00803393777 -0.07283260673 
0.03666905314 0.03923230618 
0.04860492423 -0.03262476996 
-0.04556953907 -0.06706140935 
-0.04337590933 -0.01211183891 
0.04230495542 -0.05131895468 
0.06138126180 -0.09632574767 
-0.06248534098 -0.01999016479 
-0.08809485286 -0.05700590461 
-0.03850352392 -0.08765653521 
-0.03510591760 -0.08059952408 
0.05560195819 -0.00507146679 
0.02095512673 -0.05983524024 
-0.00386469485 0.08684303612 
-0.03303078189 -0.04938786104 
-0.05768684298 -0.07269438356 
0.01925144345 -0.04180876166 
0.08760034293 0.06300059706 
0.00907845609 -0.01663347706 
-0.03233969584 0.01819251850 
0.09624477476 -0.09060198814 
-0.07132021338 0.02440859750 
0.05652552471 0.05702765286 
0.04112553224 0.00377330277 
