-0.71276676655 0.62614899874 
-0.31932061911 0.20359732211 
0.24957521260 -0.97977137566 
0.59041029215 -1.39436388016 
-1.23491585255 0.24864190817 
0.04545086622 -0.89121204615 
-1.07425081730 -1.35199737549 
-0.13641133904 0.35091382265 
0.53725367785 -0.01409349963 
0.67209863663 -0.46649518609 
-1.11240112782 -1.06414937973 
-0.19354461133 -1.10440945625 
-1.29201412201 -0.93032330275 
-0.07993382215 0.42322015762 
0.20508451760 0.76545035839 
-0.13898113370 -0.18185107410 
-1.26267862320 -0.36135113239 
-1.71778464317 -0.37032845616 
-1.06773543358 -1.36444461346 
0.12052712590 -1.68522119522 
-0.27137812972 0.56562429667 
-1.31996858120 -1.20747005939 
-0.27463999391 0.77901160717 
-0.87867337465 0.68339753151 
0.82892489433 -1.74711358547 
-1.43921554089 -0.77783989906 
0.92949253321 0.96778589487 
0.25375315547 -0.57417374849 
