-0.32681664824 -0.12212363631 
0.08371756971 -0.25004214048 
0.25084313750 -0.02972161211 
-0.22242043912 -0.21447008848 
-0.36101183295 0.29030591249 
0.28981852531 -0.18924233317 
0.07933685929 -0.01829687878 
0.26794266701 -0.09207614511 
-0.34282058477 -0.23929969966 
0.04270823300 0.17437800765 
0.35814052820 -0.37872916460 
-0.38427245617 0.23985412717 
-0.17460231483 -0.36833506823 
0.31458494067 0.39822372794 
-0.04058175907 0.28744345903 
-0.05303765088 -0.05400443077 
-0.17657005787 -0.00094834884 
0.38407024741 0.29455968738 
0.23181696236 -0.08407644928 
0.09292391688 0.36387339234 
-0.31015843153 -0.32584801316 
-0.06083296612 -0.37757101655 
0.13510018587 0.18346656859 
-0.25722452998 0.00210544607 
-0.38466462493 -0.35193985701 
-0.37390637398 0.03579691052 
0.02632956207 0.09300640225 
0.06830386817 0.02848867327 
