0.05488049611 -0.01898771711 
0.07479799539 0.00954262260 
0.07709433138 -0.04196067899 
-0.01028879639 0.07346054912 
-0.06640879810 0.08126752824 
-0.02266344801 0.03348551318 
0.00269238744 -0.00806744117 
0.06980863214 0.07981999218 
-0.01406138949 -0.05558988452 
0.01836259663 0.08730685711 
0.04163825884 -0.04630818963 
-0.02652856149 0.01464217249 
-0.08935722709 0.06692914665 
0.02797909454 -0.03698587045 
0.05994676054 0.07413884997 
0.02899258584 -0.08670751750 
0.04196033999 -0.03037353605 
-0.05575617775 -0.06424129009 
-0.05547976494 -0.08907414973 
-0.04861654341 -0.04785496369 
0.09368032962 -0.08021805435 
0.05336911604 0.08329887688 
-0.01011154987 0.09215889871 
0.07530798018 -0.08128252625 
-0.06580494344 0.01374169346 
0.03194371983 -0.03423355147 
0.01393253729 -0.04410640895 
0.03032833524 0.01083341241 
0.06778032333 0.06864889711 
-0.02838297933 0.04953558743 
-0.06484310329 -0.07484709471 
-0.02313529886 0.09659852833 
-0.00083648256 -0.06762921065 
0.06145156920 -0.06555411220 
-0.01555051003 0.03959568962 
0.04407538474 0.00925221108 
-0.00881113019 0.05386685207 
-0.09835869074 -0.09618693590 
-0.09488809109 0.01130219921 
0.03042660095 -0.03533248231 
-0.03924978524 -0.01960638352 
-0.08076203614 -0.09189748019 
-0.01815590449 -0.08505441993 
0.03946904093 0.08672272414 
-0.01487891935 -0.05015564710 
-0.02807866223 0.00228908006 
0.09323793650 0.06362379342 
-0.04573654383 -0.06360249221 
0.02598455921 -0.01708720252 
-0.08152848482 0.09689545631 
