-0.02387090214 0.01525127701 
-0.02787451819 -0.09834524244 
0.02230707556 0.05834494531 
-0.06620299071 0.01472655218 
0.04215257987 0.05905205384 
-0.03842185438 -0.00903906021 
0.08135998249 -0.05839644372 
0.06076547131 -0.07885915041 
0.08104509860 0.03942751139 
0.08249983191 -0.09231346846 
0.06702008843 0.07843751460 
0.04207959399 0.01990593970 
0.02271874249 -0.03819276020 
-0.05560185388 -0.05041500181 
-0.08358158171 0.07415435463 
-0.09574727714 -0.00821953453 
-0.00851351582 0.02557950094 
0.08459953964 -0.08399517089 
0.09955874085 -0.06387457997 
-0.08822009712 -0.08285058290 
0.04339075089 -0.02464732155 
0.06666114926 -0.08097485453 
-0.01553620212 0.07377823442 
-0.09112390131 0.02096196264 
-0.04749527574 0.07879523188 
-0.02152727917 0.02973069809 
-0.06390854716 0.01987716369 
0.06402336061 0.05495551229 
0.09400797635 0.02334773354 
-0.01470147725 -0.01911368221 
0.00059701578 -0.08740878105 
0.05573677272 -0.03431032971 
-0.01926560327 -0.09424728155 
0.09405195713 0.06197514758 
-0.06286395341 0.09838365018 
0.02545733005 0.08848204464 
-0.08209323883 -0.01915971376 
-0.00651471550 0.07246089727 
0.08392364532 0.03504915535 
-0.04868905991 0.07369886339 
-0.08210168779 0.02290797420 
-0.04692283645 0.09612479806 
0.01946689188 0.09409055114 
0.07169896364 0.03006409109 
0.04782584310 -0.01798855141 
-0.06134756282 -0.01130021736 
-0.09232763946 0.03211755306 
-0.04904395714 -0.09949981421 
0.09503778815 -0.00864436198 
-0.08675802499 -0.00248375628 
